     -14.372587      211.21795       4.646694            3.8           0.29      2.2907418          0.0051000000
     -14.412729        212.066       4.339233            3.8          0.293      2.2960961          0.0051000000
     -14.407374      212.01313      4.4407222            3.8          0.296      2.2599967          0.0051000000
      -14.40505      212.44826      4.9427925            3.8          0.299      2.2249036          0.0051000000
     -14.383823      211.26659      4.3722349            3.8          0.302      2.2265581          0.0051000000
     -14.402775       211.8978      4.4578842            3.8          0.305      2.2320522          0.0051000000
     -14.405662      212.05982      4.5367222            3.8          0.308      2.2284611          0.0051000000
     -14.381852      211.23846      4.4007932            3.8          0.311      2.2232768          0.0051000000
     -14.399827      211.74428      4.3892561            3.8          0.314      2.2259304          0.0051000000
     -14.378672        211.204       4.457778            3.8          0.317      2.2030111          0.0051000000
     -14.391062      211.32682      4.2241451            3.8           0.32      2.2008398          0.0051000000
     -14.368518      210.65072      4.1963981            3.9           0.29      2.2235583          0.0051000000
     -14.378411      210.99343      4.2547105            3.9          0.293      2.2153996          0.0051000000
     -14.384972       211.1502      4.2227945            3.9          0.296      2.1897437          0.0051000000
     -14.393264      211.32275      4.1566872            3.9          0.299      2.1735134          0.0051000000
     -14.372951      210.65785       4.076117            3.9          0.302      2.1827463          0.0051000000
     -14.380342      210.82892      4.0346822            3.9          0.305      2.1674655          0.0051000000
     -14.383827      211.18116      4.2866874            3.9          0.308      2.1501316          0.0051000000
     -14.393733      211.20085      4.0212989            3.9          0.311      2.1844342          0.0051000000
     -14.396808      211.27534      4.0072504            3.9          0.314      2.1728822          0.0051000000
     -14.386586      210.90877      3.9349148            3.9          0.317      2.1803915          0.0051000000
     -14.395409      211.14248      3.9146781            3.9           0.32      2.1582302          0.0051000000
     -14.345574      210.30809      4.5125833              4           0.29      2.1618221          0.0051000000
     -14.386648       211.5841      4.6084681              4          0.293      2.1830733          0.0051000000
     -14.373991      211.11809      4.5064642              4          0.296      2.1548279          0.0051000000
      -14.38282      211.47583      4.6103251              4          0.299       2.129366          0.0051000000
     -14.340522      210.19305      4.5424855              4          0.302      2.1312871          0.0051000000
      -14.35484      210.52404      4.4626009              4          0.305      2.1348275          0.0051000000
     -14.374169      210.96845       4.351734              4          0.308      2.1259145          0.0051000000
     -14.366151      210.77912      4.3928302              4          0.311      2.1277586          0.0051000000
      -14.36689      211.20982      4.8022855              4          0.314      2.1348424          0.0051000000
     -14.357145      210.45927      4.3316699              4          0.317      2.1101445          0.0051000000
     -14.368079      210.77838      4.3366903              4           0.32      2.0908223          0.0051000000
     -14.300626      210.33003      5.8221191            4.1           0.29         2.1347          0.0051000000
     -14.346107       211.0894      5.2786148            4.1          0.293      2.1214674          0.0051000000
     -14.313279      210.20389      5.3339372            4.1          0.296      2.0968343          0.0051000000
     -14.331871      210.65309      5.2505696            4.1          0.299      2.0808021          0.0051000000
     -14.300736      210.00556      5.4945088            4.1          0.302      2.0711376          0.0051000000
     -14.312925      210.20814      5.3483097            4.1          0.305      2.0769731          0.0051000000
     -14.303593      209.88867      5.2959108            4.1          0.308      2.0568488          0.0051000000
     -14.324405      210.43188      5.2432932            4.1          0.311      2.0894845          0.0051000000
     -14.309037      209.93533      5.1868076            4.1          0.314      2.0810761          0.0051000000
     -14.314244      210.23117      5.3335919            4.1          0.317      2.0696724          0.0051000000
     -14.311579      210.10588      5.2845937            4.1           0.32      2.0376432          0.0051000000
