     -22.439158      2378.3451     0.24471937              1   -0.037262935   -0.031118692    0.019022512        0.14613     -0.1346812     0.14363955    -0.11999221    -0.10428427    0.036798999    0.030383763    0.021241287   -0.015293072
     -28.227472      4249.0819       0.268743              1    -0.08413911   -0.015858244     0.07236516        0.14613     -0.1346812     0.14363955   -0.046417617   -0.069081178     0.11743955    0.080466018   -0.046562621    0.043334218
     -33.100983      7245.5921      0.3383416              1   -0.033641169   -0.001799015    0.067755628    0.050337253    -0.21663998     0.31527537   -0.058020768     0.16459787    0.073798992     0.06902721    -0.12049542    0.072123845
      -20.90521      10127.739     0.35720935              1   -0.033641169   -0.001799015    0.067755628      0.1632682   -0.092227105      0.3517415    -0.07400388     0.18519985     0.10062235    0.045723446   -0.073825592    0.042921562
     -22.241452      12053.546     0.38215234              1 -0.00025508429   -0.035018197    0.051043599     0.17444879    -0.20027486     0.34804394   -0.077104589    0.036034767     0.20720484    0.045723446   -0.073825592    0.042921562
     -19.875307      13654.147     0.43814178              1   0.0073769305   -0.092688558  -0.0080966558     0.24577983    -0.24513958     0.32640441   -0.041186498    -0.05593419     0.21973331  -0.0022676619    -0.08252753    0.020883891
     -16.899959      14747.649     0.52124203              1    -0.10317574    0.023629282    0.089070787     0.25575076    -0.25538285      0.3440556     0.06639674   -0.078978254     0.23723331    0.022911875  -0.0090139082     0.10631521
     -14.680537      15653.001     0.56348409              1   -0.085627543    0.077382969      0.0436524     0.25575076    -0.25538285      0.3440556    0.054053429    -0.14051025     0.19262031    0.022911875  -0.0090139082     0.10631521
     -15.771348      16647.313     0.63862114              1    -0.13810805    0.069075613     0.14221322     0.29553554    -0.32643695     0.39392736    0.039609931    -0.26497751     0.15536501    0.022911875  -0.0090139082     0.10631521
     -15.203046      17605.685     0.64816962              1    -0.21276763     0.11970261     0.16256525     0.26435787    -0.25827885     0.38528732    0.051004219    -0.28321654     0.19941033    0.046635609    0.019257578     0.13519776
     -14.651812      18630.158     0.55710559              1    -0.15121936     0.01922871     0.22796724     0.33021861     -0.2568976     0.27632409    0.057817954    -0.33406129     0.20321657     0.11115786    0.082541449     0.11928479
     -16.184862      19667.917     0.51184485              1   -0.016984492    0.093012804     0.20974311     0.38286653    -0.22305885     0.25667945    0.057817954    -0.33406129     0.20321657     0.11115786    0.082541449     0.11928479
     -18.530441      20905.449      0.4842507              1     0.10745876    0.084807776     0.31001574     0.47371537    -0.22690143     0.25351606   -0.043143564    -0.35307207     0.18470339     0.10596974    -0.04817753     0.14387773
     -17.618482       22215.33     0.54164637              1    0.086519632    0.059904947     0.28271452     0.54428842    -0.22234517     0.21819009    -0.13193982    -0.42371792     0.17184136     0.10596974    -0.04817753     0.14387773
     -15.803288      23250.096     0.55945039              1     0.19734701     0.22792469     0.23886341     0.54960361    -0.19476174     0.13768925    -0.10474337    -0.52209169     0.20248576     0.10596974    -0.04817753     0.14387773
     -14.657675      24136.354     0.67418433              1      0.2105637     0.33975559     0.22718513     0.57764497    -0.19317715    0.038085849    -0.21409444     -0.6078272     0.30439832     0.10596974    -0.04817753     0.14387773
     -14.403176      25071.041     0.62270158              1     0.21974353     0.19411747     0.25732415     0.67874368    -0.20285893      0.1177324    -0.22801573      -0.601438     0.21946812  -0.0057700894   0.0046672337     0.17564549
     -14.324282      25915.467     0.56870498              1     0.23528149     0.18139576     0.25665926     0.65028401    -0.20740902     0.25126478    -0.14227915    -0.66271019     0.13234242   -0.013494526    0.023668104      0.2278039
     -15.373386      26787.179     0.51710432              1     0.23528149     0.18139576     0.25665926     0.60820464    -0.16363907      0.3529721   -0.091256844    -0.64151071     0.11093812    0.048969948   -0.074764466     0.20393139
     -16.276406      27775.901     0.51023662              1     0.13959112    0.084544666     0.12303881     0.52110258    -0.17050805     0.34606016    -0.16523418    -0.65697498     0.09602214     0.08855629    0.037979451     0.16676678
     -16.857169       28915.14     0.47935051              1     0.14228009  -0.0056320041     0.11947476     0.55228353    -0.12458389     0.33747598    -0.19352356    -0.80448345     0.19893728     0.08855629    0.037979451     0.16676678
     -15.237171      29963.406     0.50709348              1     0.13161573    0.072065304     0.13373228     0.55228353    -0.12458389     0.33747598    -0.31603599    -0.72004458     0.15437469    0.033358281     0.10469924     0.24850417
     -16.388261      30898.601     0.45524907              1     0.16872455     0.10763587     0.14091053     0.49388246    -0.12328306     0.36045664    -0.18342472     -0.7615354     0.11474042     0.15544847      0.1294923     0.20583087
      -16.48994      31956.875     0.45647256              1     0.14353947     0.17309126     0.15703254      0.4759901   -0.033349923     0.39203425    -0.17015507    -0.76867292     0.11074783      0.1937599    0.061957138     0.24351649
     -17.070644      33148.381     0.46713372              1     0.14333897     0.07719998    0.082026879     0.48615565  -0.0084746104     0.38756002    -0.05130077    -0.64961734    0.095473151     0.15620327   -0.036180295     0.22571639
      -16.58783      34274.952     0.50084426              1    0.033557297    0.085498816     0.14561935     0.47996517    0.023444036     0.36405512   -0.033358497    -0.60754565    0.021106772    0.058380572    0.049930239     0.29142645
     -15.880779      35319.197     0.61086097              1    0.033557297    0.085498816     0.14561935     0.59812306  0.00056886644     0.36288309   -0.071801723     -0.6052096  -0.0070778869    0.016952393    0.075030692     0.24533174
     -15.966444      36332.932     0.58161591              1    0.033557297    0.085498816     0.14561935     0.59448103   0.0045604289     0.27635037    -0.16897475    -0.49184402     0.10569128    0.010879512     0.14010138     0.19876773
     -16.562486      37414.322     0.47255248              1    0.033557297    0.085498816     0.14561935     0.48575764    0.093978188     0.28254558     -0.1279749    -0.55025384     0.11802067    0.010879512     0.14010138     0.19876773
     -17.062643      38569.782     0.41304066              1    0.033557297    0.085498816     0.14561935     0.42502854      0.1562769     0.25671983   -0.069181959    -0.46650795      0.1253608     0.01768601     0.15262298     0.14167054
     -17.079734      39703.062     0.30940736              1     0.16071363    0.059166753     0.24679881     0.42346728     0.21436802     0.19574981   -0.080027677    -0.37592923     0.27653674    0.017995763     0.13067202     0.10337032
     -15.316592       40731.92     0.31250645              1     0.26871897    0.055417554     0.33147369     0.47323779     0.16515535     0.12221321    -0.12398839    -0.44895456       0.216687   -0.028213064    0.083616787     0.16920261
     -15.336326      41622.163     0.35489743              1     0.31426813    0.084348235     0.26114365     0.55867266     0.26986593    0.082813064    -0.24417052    -0.48711578     0.27065873   0.0025176477    0.054339301     0.11490358
     -15.542983      42590.306      0.3269526              1     0.31426813    0.084348235     0.26114365     0.44039025     0.37517569     0.18107739    -0.21134469    -0.61554016     0.17374749   0.0025176477    0.054339301     0.11490358
     -14.754947      43542.702     0.32697619              1     0.31426813    0.084348235     0.26114365     0.46349944     0.37490872     0.24637725    -0.13471143    -0.70460468     0.23452124   -0.036514975     0.14477831     0.24649201
     -14.588068      44369.484      0.4088237              1      0.3502537    0.060381241     0.20879967     0.53082679     0.42612006     0.18113576    -0.15245126    -0.76247847    0.094843249    0.038152322     0.15804373     0.33643322
     -14.715311      45252.198     0.46400341              1     0.33242234     0.12762759     0.29030193      0.6286364     0.47970137     0.23029816    -0.17492376    -0.79382794     0.10075429    0.027573433     0.19912824     0.39962042
     -14.258974      46084.459     0.50595068              1     0.33272099     0.10275753      0.2561849     0.63249164     0.49353053     0.14033968    -0.18974666    -0.79428758     0.10943426  -0.0024176768     0.20506997     0.36398456
     -14.434079      46903.014     0.51492803              1     0.33272099     0.10275753      0.2561849     0.69401924     0.45493723     0.15330677    -0.13245795    -0.84907563     0.12926394    0.023995169     0.12889695     0.35258127
     -13.939846      47727.897     0.51492803              1     0.33272099     0.10275753      0.2561849     0.69401924     0.45493723     0.15330677    0.029762062    -0.88624796     0.25921682   -0.086070199     0.13156508     0.39904203
     -13.965157      48511.897     0.63219247              1     0.31901119    0.044028756     0.28784334     0.77417437     0.46226292     0.15527646    0.007337158    -0.87048152     0.19024673   -0.097652317     0.17155274     0.46758336
     -14.669524      49352.554     0.78185695              1     0.11787577    0.094911443     0.23213608     0.85737728     0.25915635    0.038586552    0.038131428     -1.0193202     0.21922236   -0.033910289     0.13929373     0.42014841
     -14.774234      50223.348     0.76991092              1     0.11787577    0.094911443     0.23213608     0.82342012      0.3694842    0.092208275     0.11203855     -0.9811881     0.18369357   -0.033910289     0.13929373     0.42014841
     -14.446495      51070.327     0.82586452              1     0.20567994    -0.15698474     0.24478521     0.82342012      0.3694842    0.092208275     0.18737562       -1.01714     0.23686489    -0.11189107    0.072533779     0.39217526
     -14.690842      51908.444        1.04469              1     0.20567994    -0.15698474     0.24478521      1.0118179     0.46767993    0.018261775     0.14407612     -1.0291329     0.22780697  -0.0088675731    0.087419181     0.29957407
     -14.907291      52766.592     0.99751043              1     0.20567994    -0.15698474     0.24478521     0.91810514     0.46371295    -0.07492053    -0.06165641     -1.0769169     0.27022935    -0.02038333   0.0045174273     0.15803303
      -12.98515      53620.976       1.074356              1     0.17023265    -0.10904399     0.38331735     0.90406263     0.47964635    -0.13550643    -0.05649242     -1.1807079     0.11271608    -0.15211501    0.010302813    0.057767886
     -15.177331       54369.31      1.1271471              1     0.18028379    -0.14232258     0.40564375     0.99561955     0.49569691   -0.040023472   -0.067480195     -1.1813991     0.19093817   -0.035710293   -0.063323719      0.1990807
     -15.564578      55286.262     0.95930887              1     0.24183942   -0.089915979      0.4394585     0.94195601      0.4649843    0.089893117   -0.059459984     -1.3036058     0.15684302    0.041578145   -0.071710291     0.26735889
     -15.721149      56240.568     0.96100635              1     0.31557623   -0.044236922     0.40601298      1.0253256     0.54654576     0.13999634   -0.041834648     -1.3277861      0.1413621    0.075043047   -0.070400552     0.24956188
     -15.527219      57206.528     0.84986339              1     0.27870988  -0.0025734883     0.30964645     0.99035851     0.44272889     0.17724626   -0.098392746     -1.3104132     0.10083116     0.12649316   -0.099285565     0.29384169
     -16.302272      58201.002     0.81615008              1     0.25158332    0.011480613     0.40164127      0.9310906     0.42178824     0.21185592    -0.18894706     -1.2583611    0.027903948      0.1513053   -0.015294409      0.2047444
     -16.324687        59276.1     0.91807118              1     0.33838428   -0.067113649     0.42086517      1.0824956     0.44399726     0.25377639     -0.1801238     -1.2955098    0.038392212     0.12827176    0.050409583    0.056912284
     -16.376849       60344.75     0.93764587              1     0.33838428   -0.067113649     0.42086517      1.0631151      0.4995037     0.23950972    -0.20289172     -1.4464857   0.0062802582     0.12827176    0.050409583    0.056912284
     -16.207355      61404.106     0.96453356              1     0.29508262   -0.011531357     0.43170324      1.0717432     0.48598655     0.14956987    -0.20289172     -1.4464857   0.0062802582     0.22280972   -0.027758262     0.12123969
     -16.494315      62470.131     0.92391256              1     0.31697827    0.021076422     0.42544196       1.093732     0.44695625     0.16296453    -0.27220617     -1.4929414   -0.011102349      0.1837661    0.024378937     0.16552893
     -16.174076      63542.703      1.0388068              1     0.29609979   -0.012692534     0.42028567      1.1618188     0.47977935     0.12512195    -0.33163624     -1.5533133   -0.030372441     0.24119541  -0.0026488088    0.098870038
     -16.001139      64568.275      1.0444246              1     0.24800751     0.01353627     0.38278286      1.1126531     0.56332615     0.18044206    -0.23758704     -1.5341521    -0.10792531     0.24119541  -0.0026488088    0.098870038
     -16.320799      65634.809     0.82093231              1     0.30593457    0.010455559     0.34054286     0.94828899     0.51003224     0.23222022    -0.32218001     -1.5331284    -0.12391567     0.24119541  -0.0026488088    0.098870038
     -16.544443      66701.916     0.81864692              1     0.25325778   -0.010326812     0.27654299     0.86378451     0.53244671     0.22328149     -0.3115489     -1.6082774   -0.069358166     0.21447013   -0.023470438     0.21493304
       -16.6015      67772.923     0.66251389              1      0.3120805    0.077450667     0.34693636     0.81414339     0.49545972     0.23681856    -0.40203959     -1.6715315   -0.028593974     0.26612348    0.063089912     0.22987366
     -16.415287      68849.103     0.71385694              1     0.30951644     0.15214432       0.416278     0.88635833     0.52229951     0.21670273    -0.36423292     -1.7593899   -0.099446217     0.26612348    0.063089912     0.22987366
     -16.291211      69904.206     0.79965214              1     0.23886032     0.14788878     0.44010449     0.90063526     0.56300979     0.26930629    -0.33224118     -1.8596112   -0.082325905     0.26612348    0.063089912     0.22987366
     -16.115409      70943.183     0.86256154              1     0.23886032     0.14788878     0.44010449     0.85984784     0.66558331     0.13947301     -0.3801458     -1.8342358   -0.041598243      0.2316584    0.079201588     0.28274238
     -16.081995      71998.815     0.93539334              1     0.23859545      0.1107296     0.33504479     0.91187563     0.71860153     0.10668931    -0.40140132     -1.7957141    0.017422735     0.19377329     0.14314092     0.32078466
     -15.372371      73010.964      1.0513234              1     0.19614117      0.1864401     0.40597838     0.97995323     0.79312035    0.055466336    -0.48427364     -1.8079563   -0.054932784    0.029774058    0.076279495     0.32856567
     -15.684254      73955.655      1.0786473              1     0.18007497     0.15733514      0.3380268     0.91537748     0.89172062    0.049083717    -0.48427364     -1.8079563   -0.054932784    0.061049698     0.12956828     0.29963161
     -15.655987      74939.046      1.1389128              1     0.18007497     0.15733514      0.3380268     0.91137535     0.98205794     0.05140096    -0.48729737     -1.7030579   -0.061705453    0.061049698     0.12956828     0.29963161
      -15.39772      75914.322      1.1064716              1     0.18007497     0.15733514      0.3380268     0.92616645     0.94612117     0.12485216    -0.38549983     -1.6485078    -0.12322458    0.067478874     0.29527056     0.34301721
     -15.781117      76899.211     0.98729498              1     0.16039777     0.22508999     0.30469913     0.89420676     0.86434499     0.13847999     -0.4469704     -1.7200535   -0.025924084    0.072413351     0.22861814     0.31636746
     -15.738517      77895.639      1.0696315              1     0.16039777     0.22508999     0.30469913     0.82429521      1.0442248     0.12478279    -0.36308604     -1.6673759   -0.066103685    0.056708546      0.2590279     0.27434015
     -15.879414      78863.319     0.86040937              1     0.34097441     0.23994571     0.31621478     0.71410547     0.99131253     0.12509859    -0.34621656     -1.5779371    -0.11673316     0.10441426     0.16985234     0.24269303
     -15.545284       79859.46     0.86014404              1     0.34097441     0.23994571     0.31621478     0.68343261      1.0008198     0.10731101    -0.35676434     -1.5787354    -0.12494586     0.14872588    0.061059591     0.27482993
     -14.760382      80815.435     0.94108022              1     0.34957759     0.15564105     0.32759441      0.7324737     0.98368301       0.096577    -0.35902617     -1.6706256   -0.064666675   0.0023800379    0.044357686     0.29432581
     -14.300118       81666.39      1.1471014              1     0.38052971    0.067142173     0.26195872      0.8191623      1.1270432     0.26922062    -0.41409342     -1.5264642   -0.035074845   -0.065864683    0.018738113     0.23113169
     -14.682434       82528.98      1.2309326              1     0.26534408     0.15670025     0.34891625      0.8932656      1.2131723      0.2798054    -0.43824858     -1.5202534    -0.11594841   -0.065864683    0.018738113     0.23113169
     -13.764564      83374.547      1.2566476              1     0.20762135     0.17714576     0.36764594     0.94553218      1.1849649     0.22998263    -0.48768573     -1.5048236    -0.12703476    -0.16432539   -0.056633917     0.15736189
     -13.525329      84105.346      1.2439814              1     0.28247214     0.16554667      0.2633746     0.92456697      1.2301991     0.22191119    -0.51989037     -1.5073988    -0.11428916    -0.16432539   -0.056633917     0.15736189
     -14.556734       84874.58      1.3407292              1     0.26077746     0.19134689     0.26428345     0.96779553      1.3288191     0.32622891    -0.52744756     -1.5712916   -0.071826289   -0.064840426    0.014456668     0.12350651
     -14.092713      85673.707      1.3788402              1     0.24528161     0.21404356     0.15318818     0.91572917      1.4174213     0.21304121    -0.45346998      -1.569045   -0.066761653   -0.074233764     0.02798709     0.10623137
     -13.525857      86443.002      1.3374172              1     0.20128125     0.26992216    0.073651419     0.82362062       1.441027     0.24654428    -0.45404825     -1.5809763   -0.037421193    -0.13656096    0.033962673    0.059729423
     -14.684493      87236.459      1.4454294              1     0.12260709     0.30206489     0.15252446     0.93133072      1.4999751     0.16811936     -0.5684559      -1.643355    -0.24929138   -0.081002701    0.060222517     0.11299306
     -14.861898      88074.044      1.4338047              1     0.15951776     0.30515988    0.079557029     0.92153874      1.5196999    0.075993417    -0.53345804     -1.5210342    -0.17415873    -0.07264226     0.10633299    0.021015793
     -13.978011       88882.97      1.3786401              1     0.30918634      0.2273605    0.019150879     0.90462493      1.4688692    0.088126019    -0.59256372     -1.6361662      -0.274766   -0.095915132      0.0900076  -0.0011528155
     -14.367978       89709.04      1.3121367              1     0.19956793     0.31555078    0.023523998     0.98816405      1.3633069    0.068532832    -0.59478513      -1.706426    -0.19811776   -0.095915132      0.0900076  -0.0011528155
     -14.198381      90512.373      1.1452229              1     0.28122534     0.28416785   0.0088558153     0.88404697      1.2557649    -0.05549222    -0.61062482      -1.816771    -0.22183965   -0.095915132      0.0900076  -0.0011528155
     -14.070108      91304.773         1.1704              1     0.26797374     0.24910009    0.047345563     0.86549525      1.2492321   -0.064637685    -0.63867071     -1.7946487    -0.27412465    -0.12119768     0.12442257    0.070543243
     -13.286663       92092.44      1.0764672              1     0.33417315     0.34162378    0.054156132      0.9693756      1.1969073    -0.10008256     -0.6005781     -1.7707366    -0.24337238    -0.18894849  0.00011446958   0.0037880732
     -13.068119      92800.254      1.0951642              1      0.2461495     0.41116947     0.10245169      1.0185088      1.1531792    -0.12616875    -0.59284613     -1.7944511    -0.19982452      -0.130388   -0.089993932    0.013406231
     -13.149818      93485.455      1.0207309              1     0.21241823     0.45899819    0.047783051     0.92026339      1.1186137    -0.27741555    -0.64695068     -1.7273004    -0.16137787    -0.13966731   -0.056076517    0.050220681
     -13.388647      94198.705     0.81150714              1     0.41921461     0.54952297   0.0013459994     0.90846607      1.1473906    -0.24711144    -0.57995908     -1.6837474   -0.097950586   -0.086986158    -0.16134394   -0.032272191
     -13.891658      94931.608     0.91696891              1     0.40814979     0.50309726   -0.072511311     0.90634114      1.2564521    -0.23092191    -0.57995908     -1.6837474   -0.097950586   -0.014859106   -0.082601402    -0.08560863
     -13.705347      95683.098      1.0359693              1     0.35532453      0.4825471    0.012149936      1.0299909      1.2495009     -0.1605916    -0.60567146     -1.6210453    -0.14165142   -0.014859106   -0.082601402    -0.08560863
     -13.730166      96438.127     0.93966568              1     0.37696139     0.57156567    0.058859256     0.99982259       1.244467    -0.14661418    -0.57451892     -1.6694265  -0.0071121414   -0.014859106   -0.082601402    -0.08560863
     -13.603954      97182.921     0.89416392              1     0.37467745     0.51546627    0.019338364     0.92077609      1.2155252   -0.086599893    -0.44706487     -1.6264827    0.079907868   -0.014859106   -0.082601402    -0.08560863
     -14.541625      97951.817     0.78817401              1     0.45951455       0.533699    0.095427976      0.8909366      1.1757676   -0.055705216    -0.43737808      -1.711907     0.12675151  -0.0032080833   0.0027733826   -0.068655104
     -16.558555      98835.107     0.92151842              1     0.28246891     0.49655695      0.1364777     0.83765611      1.2200781    0.004263923    -0.44983083     -1.6743976    0.053400211    0.044464817     0.10436003   -0.016149864
     -13.530347      99824.803      1.0200315              1     0.23530457     0.47679241     0.21419876     0.80235429      1.2995411   0.0092514205    -0.45229911     -1.6574596    0.048954805   -0.024935864  -0.0020372781  -0.0064285325
     -15.757831      100633.39     0.93034943              1     0.32845988     0.56796591     0.19756394      0.7710168      1.3609576   -0.004568583    -0.37277447     -1.6857089    0.053500288   -0.043038271     0.12563837    0.069969138
     -15.830509      101655.83      0.9205719              1     0.17024941     0.61652371     0.20136668     0.70155872      1.3602685    0.091791756    -0.37804923     -1.7198692     0.11363986    0.024071817     0.07044672     0.13606656
#Alpha: 4 and beta: 0.31
