     -14.359232      210.52435      4.3368195              4           0.31       2.134991           0.011000000
     -14.354028      210.39833      4.3602023              4           0.31      2.1180955         0.01991000000
     -14.364576      210.71231      4.3712652              4           0.31      2.1170086         0.02981000000
      -14.36185      210.61753      4.3548036              4           0.31      2.1149383         0.03971000000
     -14.361047      210.48098      4.2412926              4           0.31      2.1134836         0.04961000000
     -14.362574      210.71518      4.4316374              4           0.31      2.1207893         0.05951000000
     -14.355949      210.43777      4.3444936              4           0.31      2.1164329         0.06941000000
     -14.355914      210.65447      4.5621891              4           0.31      2.1177177         0.07931000000
     -14.363315      210.50353      4.1987046              4           0.31      2.1192436         0.08921000000
     -14.360406      210.56501      4.3437521              4           0.31      2.1270561         0.09911000000
     -14.357463      210.77922      4.6424709              4           0.31      2.1152829          0.1091000000
     -14.368081      210.62415      4.1823923              4           0.31      2.1166982         0.11891000000
     -14.346429       211.1159      5.2958745              4           0.31      2.1246254         0.12881000000
     -14.366296      210.92967       4.539197              4           0.31      2.1172626         0.13871000000
     -14.370263      211.23788       4.733416              4           0.31       2.119001         0.14861000000
      -14.36803      210.56533      4.1250617              4           0.31      2.1234668         0.15851000000
     -14.358943      210.50601      4.3267607              4           0.31      2.1145847         0.16841000000
     -14.356108      210.22931      4.1314681              4           0.31      2.1144455         0.17831000000
     -14.350789       210.3902      4.4450578              4           0.31      2.1155234         0.18821000000
     -14.348147       210.1207      4.2513906              4           0.31       2.117846         0.19811000000
     -14.363151      210.80081      4.5006863              4           0.31      2.1203347          0.2081000000
     -14.371149      210.66468      4.1347499              4           0.31      2.1217729         0.21791000000
     -14.358172       210.3114      4.1543118              4           0.31      2.1207534         0.22781000000
     -14.362679      210.62746      4.3409204              4           0.31      2.1206853         0.23771000000
     -14.359713      210.54114      4.3397741              4           0.31      2.1175888         0.24761000000
     -14.354343       210.2284      4.1812409              4           0.31       2.118863         0.25751000000
     -14.362847      210.20999      3.9186128              4           0.31      2.1210093         0.26741000000
      -14.35606      210.64319      4.5467359              4           0.31      2.1184556         0.27731000000
     -14.358189      210.51886      4.3612776              4           0.31      2.1215882         0.28721000000
     -14.368933      210.38847      3.9222503              4           0.31      2.1203314         0.29711000000
     -14.357215      210.45926      4.3296328              4           0.31      2.1167953          0.3071000000
     -14.362887       210.2561      3.9635846              4           0.31      2.1167374         0.31691000000
      -14.35921      210.72229      4.5353825              4           0.31       2.122313         0.32681000000
     -14.365264      210.69562      4.3347951              4           0.31      2.1167125         0.33671000000
     -14.344542      210.17897      4.4130878              4           0.31      2.1196146         0.34661000000
     -14.364803      210.56874      4.2211694              4           0.31      2.1187033         0.35651000000
     -14.346854      210.15185      4.3196275              4           0.31      2.1221953         0.36641000000
     -14.361838       210.5678      4.3054027              4           0.31      2.1204974         0.37631000000
     -14.358309      210.24868      4.0876569              4           0.31      2.1207556         0.38621000000
      -14.36161      210.90507      4.6492285              4           0.31      2.1178108         0.39611000000
     -14.345226      210.16752      4.3820075              4           0.31       2.120899          0.4061000000
     -14.366074      210.48388      4.0997933              4           0.31      2.1161201         0.41591000000
      -14.35593      210.39139      4.2986543              4           0.31      2.1155717         0.42581000000
     -14.365414      210.38628      4.0211722              4           0.31      2.1188404         0.43571000000
     -14.374442      210.84443      4.2198367              4           0.31      2.1222629         0.44561000000
     -14.355969      210.10521      4.0113684              4           0.31      2.1189536         0.45551000000
        -14.367      211.20543      4.7947415              4           0.31        2.11694         0.46541000000
     -14.349878      210.17519      4.2562095              4           0.31      2.1143745         0.47531000000
     -14.357297      210.96692      4.8349498              4           0.31      2.1172885         0.48521000000
     -14.359575      210.59224      4.3948474              4           0.31      2.1176607         0.49511000000
     -14.357056      210.33225      4.2071814              4           0.31       2.117565          0.5051000000
     -14.375968       210.6657      3.9972425              4           0.31       2.119966         0.51491000000
     -14.375107      210.54722      3.9035314              4           0.31      2.1230458         0.52481000000
     -14.367662      210.62877      4.1990651              4           0.31      2.1214173         0.53471000000
     -14.345144      210.47657      4.6934081              4           0.31      2.1119492         0.54461000000
     -14.364814      210.92368       4.575787              4           0.31      2.1196423         0.55451000000
     -14.355836       210.5289      4.4388647              4           0.31      2.1159284         0.56441000000
      -14.34121      210.52899      4.8586873              4           0.31      2.1206153         0.57431000000
