      -0.634278	0.62286004	0.2	1.01
    -0.63606784	0.63656995	0.2	1.02
    -0.62748682	0.61044514	0.2	1.03
    -0.64362627	0.63926782	0.2	1.04
    -0.62784024	0.61445926	0.2	1.05
    -0.63202263	0.65656531	0.2	1.06
    -0.63324511	0.62130907	0.2	1.07
    -0.64047049	0.6435382	0.2	1.08
    -0.64422421	0.6411897	0.2	1.09
    -0.63201749	0.62428293	0.2	1.1
    -0.63124569	0.61885829	0.2	1.11
    -0.63302427	0.63057081	0.2	1.12
    -0.63531092	0.61667637	0.2	1.13
    -0.63899211	0.62781803	0.2	1.14
    -0.63970727	0.64881573	0.2	1.15
    -0.62771855	0.61506783	0.2	1.16
     -0.6373137	0.62466602	0.2	1.17
    -0.63502748	0.65876817	0.2	1.18
    -0.63160484	0.62186812	0.2	1.19
    -0.63809076	0.63807523	0.2	1.2
    -0.63696195	0.63154122	0.2	1.21
    -0.63568646	0.61857766	0.2	1.22
    -0.62678221	0.60404241	0.2	1.23
    -0.62746001	0.61930212	0.2	1.24
    -0.64032786	0.64337943	0.2	1.25
    -0.62692668	0.61138024	0.2	1.26
    -0.63551958	0.63699197	0.2	1.27
    -0.63715684	0.64335847	0.2	1.28
      -0.641984	0.64791208	0.2	1.29
    -0.62748777	0.59900885	0.2	1.3
    -0.62628594	0.62745915	0.2	1.31
    -0.62400117	0.60374575	0.2	1.32
     -0.6275618	0.61852026	0.2	1.33
    -0.64154691	0.6490701	0.2	1.34
    -0.62982194	0.61778154	0.2	1.35
    -0.63033478	0.61483234	0.2	1.36
    -0.64375175	0.6494814	0.2	1.37
    -0.63928312	0.64087984	0.2	1.38
    -0.63781458	0.63643672	0.2	1.39
    -0.63760629	0.63220885	0.2	1.4
    -0.63974485	0.65179533	0.2	1.41
    -0.63407757	0.62447327	0.2	1.42
    -0.62440682	0.60979162	0.2	1.43
    -0.63484078	0.61380755	0.2	1.44
    -0.63098231	0.61734264	0.2	1.45
    -0.63399036	0.62563668	0.2	1.46
     -0.6354432	0.62306124	0.2	1.47
    -0.63484764	0.63980841	0.2	1.48
    -0.62687394	0.61867904	0.2	1.49
    -0.92160133	1.3366002	0.3	1.01
     -0.9187561	1.2836684	0.3	1.02
     -0.9152673	1.2626998	0.3	1.03
    -0.91669541	1.2744237	0.3	1.04
    -0.91192951	1.2463534	0.3	1.05
     -0.9303913	1.3678368	0.3	1.06
    -0.90936468	1.2500724	0.3	1.07
    -0.91671544	1.2737355	0.3	1.08
    -0.91750674	1.294906	0.3	1.09
    -0.91444561	1.2744164	0.3	1.1
    -0.91679328	1.2820642	0.3	1.11
    -0.91435026	1.2801373	0.3	1.12
    -0.91114019	1.2556263	0.3	1.13
    -0.92218583	1.297604	0.3	1.14
    -0.91423676	1.2775489	0.3	1.15
    -0.92136076	1.3087327	0.3	1.16
    -0.91348236	1.2625855	0.3	1.17
    -0.91567398	1.2560471	0.3	1.18
    -0.91794689	1.2704804	0.3	1.19
    -0.91680584	1.333939	0.3	1.2
      -0.919924	1.2712822	0.3	1.21
    -0.92062339	1.2765943	0.3	1.22
    -0.91516324	1.2563237	0.3	1.23
    -0.92033522	1.2846819	0.3	1.24
    -0.91876982	1.2688416	0.3	1.25
    -0.91669079	1.2829518	0.3	1.26
    -0.91296586	1.2739936	0.3	1.27
    -0.91496725	1.2643641	0.3	1.28
    -0.90962742	1.2689723	0.3	1.29
     -0.9208305	1.3186242	0.3	1.3
    -0.91826183	1.3141895	0.3	1.31
    -0.91819174	1.3026244	0.3	1.32
    -0.91696102	1.2805102	0.3	1.33
    -0.92776823	1.3189033	0.3	1.34
    -0.91693151	1.2832775	0.3	1.35
    -0.90863021	1.409552	0.3	1.36
    -0.92701388	1.3263702	0.3	1.37
     -0.9208715	1.3573846	0.3	1.38
    -0.92095288	1.3399826	0.3	1.39
    -0.91929175	1.286889	0.3	1.4
    -0.91438816	1.2850144	0.3	1.41
    -0.92354099	1.3108443	0.3	1.42
     -0.9265212	1.3254096	0.3	1.43
    -0.91544844	1.2772692	0.3	1.44
    -0.91640571	1.279139	0.3	1.45
    -0.91504301	1.2968211	0.3	1.46
     -0.9188227	1.2963486	0.3	1.47
    -0.91790946	1.3310578	0.3	1.48
    -0.91660103	1.2898542	0.3	1.49
     -1.1751674	2.0452171	0.4	1.01
     -1.1770305	2.0274198	0.4	1.02
      -1.178077	2.0804489	0.4	1.03
     -1.1751741	2.0108329	0.4	1.04
      -1.172511	2.11479	0.4	1.05
     -1.1755344	2.0334143	0.4	1.06
     -1.1721157	2.0140642	0.4	1.07
     -1.1777399	2.0875197	0.4	1.08
      -1.185693	2.1067242	0.4	1.09
     -1.1781499	2.0487533	0.4	1.1
     -1.1805618	2.1313925	0.4	1.11
     -1.1763402	2.0257568	0.4	1.12
     -1.1786491	2.078331	0.4	1.13
     -1.1870205	2.1237653	0.4	1.14
     -1.1729504	2.4845036	0.4	1.15
      -1.174271	2.0322151	0.4	1.16
     -1.1738422	2.0261612	0.4	1.17
     -1.1813037	2.0997069	0.4	1.18
     -1.1777859	2.05634	0.4	1.19
      -1.176921	2.0430257	0.4	1.2
     -1.1857236	2.132688	0.4	1.21
     -1.1807135	2.0811392	0.4	1.22
     -1.1791027	2.0463627	0.4	1.23
     -1.1866811	2.0806218	0.4	1.24
     -1.1868282	2.0906557	0.4	1.25
     -1.1846478	2.1194155	0.4	1.26
     -1.1818481	2.056171	0.4	1.27
     -1.1785906	2.0837481	0.4	1.28
     -1.1765858	2.0620996	0.4	1.29
     -1.1804931	2.0466132	0.4	1.3
     -1.1873221	2.0924939	0.4	1.31
     -1.1891492	2.0771146	0.4	1.32
     -1.1846176	2.111371	0.4	1.33
     -1.1729383	2.0517829	0.4	1.34
     -1.1893826	2.1087079	0.4	1.35
     -1.1791002	2.0387931	0.4	1.36
     -1.1807161	2.0360878	0.4	1.37
     -1.1887277	2.1276635	0.4	1.38
     -1.1848066	2.1078835	0.4	1.39
     -1.1860447	2.1293376	0.4	1.4
     -1.1839109	2.1140409	0.4	1.41
     -1.1819224	2.0751453	0.4	1.42
     -1.1778553	2.0834456	0.4	1.43
     -1.1834211	2.0960686	0.4	1.44
     -1.1825875	2.0934954	0.4	1.45
     -1.1735058	2.0302482	0.4	1.46
     -1.1798934	2.0685875	0.4	1.47
     -1.1864572	2.0642118	0.4	1.48
     -1.1870588	2.0892464	0.4	1.49
     -1.4126701	2.8970244	0.5	1.01
     -1.4180907	2.8863527	0.5	1.02
     -1.4144247	2.869032	0.5	1.03
     -1.4190337	2.9329486	0.5	1.04
     -1.4079726	2.8334907	0.5	1.05
     -1.4113429	3.0763555	0.5	1.06
     -1.4130044	2.8931584	0.5	1.07
     -1.4108355	2.8431786	0.5	1.08
     -1.4279094	2.926922	0.5	1.09
     -1.4126253	2.8983301	0.5	1.1
     -1.4210024	2.9286263	0.5	1.11
     -1.4199949	2.9030331	0.5	1.12
     -1.4250896	3.0074715	0.5	1.13
     -1.4243882	2.9438616	0.5	1.14
     -1.4163802	2.8832392	0.5	1.15
     -1.4128265	2.8902849	0.5	1.16
     -1.4223784	2.92434	0.5	1.17
      -1.428485	3.0089021	0.5	1.18
     -1.4213847	3.0065458	0.5	1.19
     -1.4211528	2.9848203	0.5	1.2
     -1.4214731	2.9060388	0.5	1.21
     -1.4190997	2.981709	0.5	1.22
     -1.4210795	2.9254841	0.5	1.23
     -1.4225408	2.9858168	0.5	1.24
     -1.4322232	2.9638341	0.5	1.25
     -1.4282229	2.961648	0.5	1.26
      -1.428301	3.0069162	0.5	1.27
      -1.424469	2.950031	0.5	1.28
     -1.4237981	2.9183243	0.5	1.29
     -1.4244323	2.944156	0.5	1.3
     -1.4255645	3.0552719	0.5	1.31
     -1.4268088	3.0253328	0.5	1.32
     -1.4186747	2.9029276	0.5	1.33
       -1.41967	2.9480626	0.5	1.34
     -1.4233554	3.2569721	0.5	1.35
     -1.4343255	2.9595114	0.5	1.36
     -1.4275455	2.9565568	0.5	1.37
     -1.4262864	3.0127433	0.5	1.38
     -1.4248564	2.9318061	0.5	1.39
     -1.4280855	3.0151243	0.5	1.4
      -1.431609	3.1600972	0.5	1.41
     -1.4244822	3.0541146	0.5	1.42
     -1.4248397	2.9769846	0.5	1.43
     -1.4221488	2.948196	0.5	1.44
     -1.4309455	2.9478079	0.5	1.45
     -1.4235618	3.0438213	0.5	1.46
     -1.4241828	2.9749082	0.5	1.47
     -1.4241129	2.914016	0.5	1.48
     -1.4269844	2.9743108	0.5	1.49
     -1.6341663	3.733462	0.6	1.01
     -1.6375005	3.7604693	0.6	1.02
     -1.6460041	3.8345512	0.6	1.03
      -1.639703	3.8363395	0.6	1.04
     -1.6391157	3.7843056	0.6	1.05
     -1.6388691	3.90682	0.6	1.06
     -1.6454577	3.8333975	0.6	1.07
     -1.6344005	3.7792274	0.6	1.08
     -1.6360983	3.8158107	0.6	1.09
     -1.6440793	3.8788793	0.6	1.1
     -1.6466344	3.8132664	0.6	1.11
     -1.6424053	3.9061813	0.6	1.12
     -1.6400361	3.8244004	0.6	1.13
     -1.6341871	3.7899418	0.6	1.14
     -1.6484529	3.9047551	0.6	1.15
     -1.6465336	3.7723275	0.6	1.16
     -1.6411809	3.8304422	0.6	1.17
     -1.6489292	3.8619884	0.6	1.18
      -1.646732	3.7967127	0.6	1.19
     -1.6346183	3.7425492	0.6	1.2
     -1.6457303	3.8753818	0.6	1.21
     -1.6435743	3.821718	0.6	1.22
     -1.6429052	3.820045	0.6	1.23
     -1.6404359	3.7692365	0.6	1.24
      -1.649421	3.8388983	0.6	1.25
     -1.6388843	3.8579693	0.6	1.26
     -1.6533239	3.9101022	0.6	1.27
     -1.6580084	5.5756099	0.6	1.28
     -1.6459899	3.8393267	0.6	1.29
     -1.6470829	3.8593603	0.6	1.3
     -1.6444258	3.8559101	0.6	1.31
     -1.6465578	3.8283963	0.6	1.32
     -1.6523138	3.854326	0.6	1.33
     -1.6505376	3.9143937	0.6	1.34
     -1.6495883	3.8546098	0.6	1.35
     -1.6513876	3.8925181	0.6	1.36
     -1.6437525	3.8072469	0.6	1.37
     -1.6529673	3.8843472	0.6	1.38
     -1.6476582	3.8767778	0.6	1.39
       -1.64285	3.8046742	0.6	1.4
     -1.6417879	3.7681903	0.6	1.41
     -1.6419754	3.7947861	0.6	1.42
     -1.6536589	3.8499927	0.6	1.43
     -1.6419127	3.8547776	0.6	1.44
     -1.6501058	3.8265668	0.6	1.45
     -1.6560567	3.9334641	0.6	1.46
     -1.6393963	3.775925	0.6	1.47
     -1.6442558	3.8502747	0.6	1.48
     -1.6424569	3.8530688	0.6	1.49
     -1.8352911	4.6508288	0.7	1.01
     -1.8352145	4.591045	0.7	1.02
     -1.8283063	4.6984209	0.7	1.03
     -1.8465773	4.6842497	0.7	1.04
     -1.8398968	4.6385879	0.7	1.05
     -1.8471096	4.7625692	0.7	1.06
     -1.8418256	4.6594176	0.7	1.07
     -1.8332443	4.6252459	0.7	1.08
      -1.844737	4.7701929	0.7	1.09
     -1.8399296	4.6803024	0.7	1.1
     -1.8370492	4.7210707	0.7	1.11
     -1.8449173	4.6854855	0.7	1.12
     -1.8377638	4.7237797	0.7	1.13
     -1.8507091	4.7925458	0.7	1.14
     -1.8436963	4.7344166	0.7	1.15
     -1.8442546	4.7883317	0.7	1.16
     -1.8407788	4.6253877	0.7	1.17
     -1.8460663	4.672605	0.7	1.18
     -1.8504641	5.2026537	0.7	1.19
     -1.8479149	4.7180981	0.7	1.2
     -1.8488933	4.796076	0.7	1.21
     -1.8439903	4.6555311	0.7	1.22
     -1.8391956	4.602873	0.7	1.23
     -1.8513738	4.7790774	0.7	1.24
     -1.8484724	4.7451738	0.7	1.25
     -1.8510115	4.9486249	0.7	1.26
      -1.849463	4.6554415	0.7	1.27
     -1.8449668	4.6420025	0.7	1.28
     -1.8554492	4.7105042	0.7	1.29
     -1.8444685	4.6618303	0.7	1.3
     -1.8455551	4.7426859	0.7	1.31
     -1.8489835	4.7387941	0.7	1.32
     -1.8492134	4.6423202	0.7	1.33
     -1.8453896	4.7658502	0.7	1.34
      -1.851301	4.7190915	0.7	1.35
     -1.8463948	4.7226583	0.7	1.36
     -1.8575741	4.8085047	0.7	1.37
     -1.8580342	4.8181846	0.7	1.38
     -1.8531028	4.9056246	0.7	1.39
     -1.8507255	4.7130849	0.7	1.4
     -1.8602637	4.9083119	0.7	1.41
     -1.8571774	4.7172581	0.7	1.42
     -1.8538423	4.7626251	0.7	1.43
     -1.8457489	4.7468013	0.7	1.44
     -1.8582953	4.7376199	0.7	1.45
     -1.8468504	4.7119646	0.7	1.46
     -1.8567435	4.8546127	0.7	1.47
     -1.8556243	4.6952452	0.7	1.48
     -1.8534931	4.7495232	0.7	1.49
     -2.0229362	5.5244079	0.8	1.01
     -2.0261804	5.5800211	0.8	1.02
     -2.0247248	5.5010363	0.8	1.03
     -2.0184049	5.5207973	0.8	1.04
      -2.023832	5.5786609	0.8	1.05
     -2.0238314	5.4415273	0.8	1.06
     -2.0168032	5.4798928	0.8	1.07
     -2.0197143	5.4306024	0.8	1.08
     -2.0227228	5.5287643	0.8	1.09
     -2.0216773	5.5146908	0.8	1.1
     -2.0193789	5.4514845	0.8	1.11
     -2.0203092	5.4609083	0.8	1.12
     -2.0189489	5.4391746	0.8	1.13
     -2.0194822	5.3748292	0.8	1.14
      -2.027347	5.5240405	0.8	1.15
     -2.0281874	5.5562158	0.8	1.16
     -2.0317651	5.6117858	0.8	1.17
      -2.026791	5.4858741	0.8	1.18
      -2.037793	5.6875691	0.8	1.19
     -2.0327026	5.5323537	0.8	1.2
     -2.0331561	5.6142659	0.8	1.21
       -2.03869	5.5666707	0.8	1.22
     -2.0257197	5.4603933	0.8	1.23
     -2.0311396	5.5427306	0.8	1.24
     -2.0322799	5.5148519	0.8	1.25
     -2.0286285	5.6635191	0.8	1.26
     -2.0274813	5.6763719	0.8	1.27
     -2.0300529	5.5558216	0.8	1.28
     -2.0402742	5.637655	0.8	1.29
     -2.0321994	5.5210894	0.8	1.3
     -2.0336763	5.5929325	0.8	1.31
     -2.0344897	5.6366986	0.8	1.32
      -2.033379	5.5660947	0.8	1.33
     -2.0366842	5.659443	0.8	1.34
     -2.0345581	5.5484418	0.8	1.35
     -2.0391392	5.5498184	0.8	1.36
     -2.0359369	5.5388181	0.8	1.37
     -2.0376822	5.6869991	0.8	1.38
     -2.0412072	6.0726443	0.8	1.39
     -2.0344052	5.5917536	0.8	1.4
     -2.0311742	5.5492394	0.8	1.41
     -2.0387523	5.5654947	0.8	1.42
     -2.0321499	5.5229835	0.8	1.43
     -2.0417719	5.9093095	0.8	1.44
     -2.0314162	5.4964399	0.8	1.45
     -2.0406298	5.526437	0.8	1.46
     -2.0395635	5.6115443	0.8	1.47
     -2.0418566	5.5816991	0.8	1.48
     -2.0380695	5.5954527	0.8	1.49
     -2.1823252	6.2377586	0.9	1.01
     -2.1795258	6.1176757	0.9	1.02
     -2.1839847	6.5364619	0.9	1.03
     -2.1815197	6.3189452	0.9	1.04
     -2.1870912	6.3600696	0.9	1.05
     -2.1886268	6.3109839	0.9	1.06
      -2.188657	6.314833	0.9	1.07
      -2.196563	6.3770772	0.9	1.08
     -2.1896393	6.3103088	0.9	1.09
     -2.1845856	6.2257565	0.9	1.1
     -2.1957497	6.2801347	0.9	1.11
     -2.1869207	6.7520825	0.9	1.12
     -2.1894498	6.2328712	0.9	1.13
     -2.1894799	6.2878716	0.9	1.14
     -2.1930219	6.3150418	0.9	1.15
     -2.1933948	6.2411496	0.9	1.16
     -2.1898872	6.3057555	0.9	1.17
     -2.1910154	6.8265777	0.9	1.18
     -2.1947842	6.3234574	0.9	1.19
     -2.1963249	6.262066	0.9	1.2
     -2.1954494	6.2656685	0.9	1.21
     -2.1979453	6.2881401	0.9	1.22
     -2.1987985	6.4737552	0.9	1.23
      -2.189576	6.8655316	0.9	1.24
     -2.1964658	6.2376322	0.9	1.25
     -2.1943233	6.277324	0.9	1.26
     -2.1999393	6.5467263	0.9	1.27
      -2.199065	6.3383771	0.9	1.28
     -2.1869026	6.1849658	0.9	1.29
      -2.203047	6.3959425	0.9	1.3
     -2.1986874	6.3332812	0.9	1.31
        -2.2008	6.4319233	0.9	1.32
     -2.2017486	6.3078368	0.9	1.33
     -2.2093368	6.564134	0.9	1.34
     -2.2016052	6.5275272	0.9	1.35
     -2.2084515	6.4831331	0.9	1.36
     -2.1953597	6.3240998	0.9	1.37
     -2.2010832	6.3383571	0.9	1.38
      -2.203675	6.4339654	0.9	1.39
     -2.1997669	6.3505136	0.9	1.4
     -2.2026988	6.2878835	0.9	1.41
      -2.204583	6.4416301	0.9	1.42
     -2.1994467	6.2715866	0.9	1.43
     -2.2020254	6.3687097	0.9	1.44
     -2.2072396	6.3747528	0.9	1.45
     -2.2038459	6.4869331	0.9	1.46
     -2.2042566	6.4268131	0.9	1.47
     -2.2063069	6.4278621	0.9	1.48
     -2.2062051	6.2813186	0.9	1.49
     -2.3261118	6.8373202	1	1.01
     -2.3344699	7.0000511	1	1.02
     -2.3385008	6.9451564	1	1.03
      -2.332668	6.8863386	1	1.04
     -2.3343614	7.0900987	1	1.05
     -2.3275211	6.8807318	1	1.06
     -2.3327142	6.8957984	1	1.07
     -2.3355733	6.9426598	1	1.08
     -2.3301063	6.7748451	1	1.09
     -2.3348675	7.1540316	1	1.1
     -2.3405974	7.0828879	1	1.11
     -2.3396367	6.9918482	1	1.12
     -2.3463073	7.1000886	1	1.13
     -2.3319273	7.0029848	1	1.14
     -2.3416472	7.039963	1	1.15
     -2.3350903	6.9077988	1	1.16
     -2.3463508	7.0433022	1	1.17
     -2.3427406	7.1460956	1	1.18
     -2.3524829	19.007097	1	1.19
     -2.3387636	6.9354328	1	1.2
     -2.3425123	6.9998811	1	1.21
     -2.3540363	7.1655505	1	1.22
     -2.3477677	7.1755947	1	1.23
     -2.3372988	7.0076636	1	1.24
     -2.3450875	7.0761269	1	1.25
     -2.3442749	6.937243	1	1.26
     -2.3437774	7.0920065	1	1.27
     -2.3494321	7.2233825	1	1.28
     -2.3439625	7.0208417	1	1.29
     -2.3431743	7.032733	1	1.3
     -2.3417223	6.8732176	1	1.31
     -2.3417559	6.9815239	1	1.32
     -2.3465134	7.007711	1	1.33
     -2.3406984	7.0007515	1	1.34
     -2.3435369	6.9255824	1	1.35
     -2.3486091	7.0822998	1	1.36
     -2.3486866	7.1810272	1	1.37
     -2.3507777	7.4447602	1	1.38
     -2.3441401	6.962975	1	1.39
     -2.3478878	6.956549	1	1.4
     -2.3494323	7.0239493	1	1.41
     -2.3452198	6.9789911	1	1.42
     -2.3481658	7.0197842	1	1.43
     -2.3537414	7.0166595	1	1.44
     -2.3554265	7.080387	1	1.45
     -2.3503656	7.0316768	1	1.46
     -2.3551075	7.1888917	1	1.47
     -2.3532065	7.1507455	1	1.48
     -2.3498894	7.0840008	1	1.49
     -2.4667594	7.6480565	1.1	1.01
     -2.4520007	7.388575	1.1	1.02
     -2.4651029	8.3575582	1.1	1.03
     -2.4695814	7.6058589	1.1	1.04
     -2.4553755	7.4554146	1.1	1.05
     -2.4641943	7.6409404	1.1	1.06
      -2.457596	7.4265336	1.1	1.07
     -2.4688776	7.59289	1.1	1.08
     -2.4617768	7.5086062	1.1	1.09
     -2.4623656	7.5202584	1.1	1.1
     -2.4720246	8.1587233	1.1	1.11
     -2.4637581	7.5010226	1.1	1.12
     -2.4673573	7.5673668	1.1	1.13
     -2.4652796	7.5967056	1.1	1.14
     -2.4621922	7.5703722	1.1	1.15
     -2.4723451	7.6887669	1.1	1.16
     -2.4652628	7.5279592	1.1	1.17
     -2.4681217	7.9316208	1.1	1.18
     -2.4642576	7.5951981	1.1	1.19
     -2.4735414	7.7326174	1.1	1.2
      -2.466692	7.4558395	1.1	1.21
     -2.4706781	7.6437421	1.1	1.22
     -2.4716285	7.6265644	1.1	1.23
     -2.4767704	7.6974658	1.1	1.24
     -2.4732334	7.579039	1.1	1.25
     -2.4755473	7.5731625	1.1	1.26
     -2.4799702	7.7460667	1.1	1.27
     -2.4760059	7.6311331	1.1	1.28
     -2.4731103	7.5265967	1.1	1.29
     -2.4772798	7.6509129	1.1	1.3
     -2.4761774	7.5948414	1.1	1.31
     -2.4730784	7.5852651	1.1	1.32
     -2.4773087	7.6828266	1.1	1.33
     -2.4736483	7.5645632	1.1	1.34
     -2.4739964	8.0360939	1.1	1.35
     -2.4780026	7.735107	1.1	1.36
     -2.4770342	7.5864179	1.1	1.37
     -2.4808765	7.6242314	1.1	1.38
     -2.4754799	7.5346757	1.1	1.39
     -2.4761893	7.513715	1.1	1.4
     -2.4735321	7.5654253	1.1	1.41
     -2.4741265	7.5773989	1.1	1.42
     -2.4795036	7.5689235	1.1	1.43
     -2.4744168	7.5046687	1.1	1.44
     -2.4780863	7.6327589	1.1	1.45
     -2.4793385	7.6294054	1.1	1.46
     -2.4889245	7.8423855	1.1	1.47
     -2.4782546	7.6759919	1.1	1.48
     -2.4817444	7.5821397	1.1	1.49
     -2.5690199	8.1398619	1.2	1.01
     -2.5713382	7.8854666	1.2	1.02
     -2.5758204	8.0262946	1.2	1.03
     -2.5758508	8.1717999	1.2	1.04
     -2.5711701	7.9043306	1.2	1.05
     -2.5740439	7.9008824	1.2	1.06
     -2.5781375	8.0780074	1.2	1.07
     -2.5783633	8.0378441	1.2	1.08
     -2.5803827	8.1800597	1.2	1.09
     -2.5782805	8.0545929	1.2	1.1
     -2.5815153	8.1021047	1.2	1.11
     -2.5722089	8.0462347	1.2	1.12
     -2.5796894	8.0633697	1.2	1.13
     -2.5794353	8.0138619	1.2	1.14
     -2.5757593	8.0344104	1.2	1.15
     -2.5810233	8.5072704	1.2	1.16
     -2.5871774	8.2003445	1.2	1.17
      -2.582896	8.1593007	1.2	1.18
     -2.5817671	8.0740995	1.2	1.19
     -2.5819096	7.9935814	1.2	1.2
     -2.5842377	8.0468081	1.2	1.21
     -2.5868695	8.1931996	1.2	1.22
      -2.581165	8.113644	1.2	1.23
     -2.5817524	7.9935897	1.2	1.24
     -2.5883989	8.1961116	1.2	1.25
     -2.5886556	8.108711	1.2	1.26
     -2.5799726	8.049449	1.2	1.27
     -2.5809095	7.9972245	1.2	1.28
     -2.5893019	8.1628081	1.2	1.29
      -2.589628	8.3200859	1.2	1.3
     -2.5813692	8.0077348	1.2	1.31
      -2.577455	7.948361	1.2	1.32
     -2.5875404	8.0980127	1.2	1.33
     -2.5873674	8.0080274	1.2	1.34
     -2.5816115	8.076728	1.2	1.35
     -2.5897526	8.0107596	1.2	1.36
     -2.5880124	8.1054994	1.2	1.37
     -2.5896309	8.1347798	1.2	1.38
     -2.5877387	8.082597	1.2	1.39
     -2.5848271	7.9949628	1.2	1.4
       -2.58917	8.0458057	1.2	1.41
     -2.5891275	8.0169876	1.2	1.42
     -2.5887319	8.0530928	1.2	1.43
     -2.5840514	7.9486997	1.2	1.44
     -2.5967653	8.1462149	1.2	1.45
      -2.586545	8.134729	1.2	1.46
     -2.5967173	8.3507855	1.2	1.47
     -2.5932474	8.0920809	1.2	1.48
     -2.5879114	8.0138731	1.2	1.49
     -2.6680549	8.4074607	1.3	1.01
     -2.6731744	8.4959036	1.3	1.02
     -2.6668207	8.3181449	1.3	1.03
     -2.6697262	8.3083588	1.3	1.04
      -2.670203	8.3127459	1.3	1.05
     -2.6712433	8.3641418	1.3	1.06
     -2.6695814	8.3809767	1.3	1.07
     -2.6702336	8.5174582	1.3	1.08
     -2.6704506	8.3426361	1.3	1.09
     -2.6696606	8.5910984	1.3	1.1
     -2.6662768	8.2999294	1.3	1.11
     -2.6695643	8.2620821	1.3	1.12
     -2.6762317	8.71694	1.3	1.13
     -2.6714094	8.2607247	1.3	1.14
     -2.6720134	8.2907712	1.3	1.15
     -2.6769491	8.3717698	1.3	1.16
     -2.6756136	8.3864618	1.3	1.17
      -2.675888	8.3583299	1.3	1.18
      -2.681508	8.5587176	1.3	1.19
     -2.6744508	8.3641772	1.3	1.2
     -2.6812724	8.6889141	1.3	1.21
     -2.6781966	8.3789758	1.3	1.22
     -2.6837326	8.5399662	1.3	1.23
     -2.6720088	8.3388811	1.3	1.24
     -2.6860172	8.5082037	1.3	1.25
     -2.6769765	8.4234851	1.3	1.26
      -2.681691	8.4292417	1.3	1.27
     -2.6778439	8.3822259	1.3	1.28
     -2.6803726	8.419173	1.3	1.29
     -2.6748525	8.3280414	1.3	1.3
     -2.6809972	8.4422587	1.3	1.31
     -2.6751364	8.2921168	1.3	1.32
     -2.6811488	8.4583558	1.3	1.33
     -2.6843111	8.525811	1.3	1.34
      -2.682428	8.4748776	1.3	1.35
     -2.6829817	8.3699468	1.3	1.36
     -2.6805492	8.3679495	1.3	1.37
     -2.6826214	8.4729761	1.3	1.38
     -2.6859762	8.5302117	1.3	1.39
     -2.6823733	8.5076741	1.3	1.4
     -2.6855529	8.5030017	1.3	1.41
     -2.6870623	8.4957203	1.3	1.42
     -2.6862543	8.6482796	1.3	1.43
     -2.6789383	8.40688	1.3	1.44
     -2.6815612	8.3965342	1.3	1.45
     -2.6846595	8.3808608	1.3	1.46
     -2.6840033	8.374557	1.3	1.47
     -2.6814675	8.4482083	1.3	1.48
     -2.6814514	8.3523056	1.3	1.49
     -2.7465034	8.5899544	1.4	1.01
      -2.743073	8.5865095	1.4	1.02
     -2.7478929	8.7104126	1.4	1.03
     -2.7439392	8.7063813	1.4	1.04
     -2.7444402	8.5634594	1.4	1.05
     -2.7472801	8.738118	1.4	1.06
     -2.7452942	8.6260349	1.4	1.07
     -2.7497441	8.7397376	1.4	1.08
     -2.7468539	8.6078462	1.4	1.09
       -2.74907	8.6149913	1.4	1.1
     -2.7480255	8.5888608	1.4	1.11
     -2.7443698	8.529858	1.4	1.12
     -2.7504879	8.6073341	1.4	1.13
     -2.7490408	8.5810066	1.4	1.14
     -2.7514171	8.7516314	1.4	1.15
     -2.7509547	8.5901278	1.4	1.16
     -2.7586434	8.6936925	1.4	1.17
     -2.7475738	8.5393208	1.4	1.18
     -2.7538739	8.7034796	1.4	1.19
      -2.754199	8.79271	1.4	1.2
      -2.754446	8.6051255	1.4	1.21
     -2.7569057	8.8342058	1.4	1.22
     -2.7523387	8.5934776	1.4	1.23
     -2.7504096	8.7287486	1.4	1.24
     -2.7542348	8.6447607	1.4	1.25
     -2.7539092	8.6495085	1.4	1.26
     -2.7577904	8.6145693	1.4	1.27
     -2.7567013	8.7722775	1.4	1.28
     -2.7537694	8.5921304	1.4	1.29
      -2.754338	8.594546	1.4	1.3
     -2.7555656	8.6202053	1.4	1.31
     -2.7573429	8.6908135	1.4	1.32
     -2.7561683	8.6139536	1.4	1.33
     -2.7604462	8.6740128	1.4	1.34
     -2.7535274	8.6132125	1.4	1.35
     -2.7573314	8.6142739	1.4	1.36
     -2.7534124	8.6378092	1.4	1.37
      -2.753307	8.5873254	1.4	1.38
     -2.7558383	8.6778676	1.4	1.39
      -2.754571	8.6273717	1.4	1.4
     -2.7597114	8.6259066	1.4	1.41
     -2.7585887	8.6673379	1.4	1.42
     -2.7515493	8.6743414	1.4	1.43
     -2.7571478	8.6578876	1.4	1.44
     -2.7571237	8.6521953	1.4	1.45
     -2.7614783	8.766217	1.4	1.46
     -2.7605316	8.6311354	1.4	1.47
     -2.7634286	8.6722658	1.4	1.48
     -2.7625097	8.6859436	1.4	1.49
     -2.8012869	8.6028021	1.5	1.01
     -2.8033066	8.7213586	1.5	1.02
     -2.8050325	8.8618125	1.5	1.03
     -2.8020613	8.7430504	1.5	1.04
     -2.8053223	8.6962119	1.5	1.05
     -2.8093568	8.7441746	1.5	1.06
     -2.8110571	8.7697467	1.5	1.07
     -2.8084785	8.6786517	1.5	1.08
     -2.8103445	8.731453	1.5	1.09
     -2.8092958	8.7019794	1.5	1.1
     -2.8098858	8.7928874	1.5	1.11
     -2.8105398	8.7561821	1.5	1.12
     -2.8112916	8.8549324	1.5	1.13
     -2.8005111	8.5720726	1.5	1.14
     -2.8055826	8.6553423	1.5	1.15
     -2.8147562	8.8541334	1.5	1.16
      -2.808831	8.6834454	1.5	1.17
     -2.8082746	8.7068042	1.5	1.18
     -2.8111679	8.7639804	1.5	1.19
     -2.8131152	8.7276457	1.5	1.2
     -2.8103246	8.7514003	1.5	1.21
     -2.8096433	8.6758006	1.5	1.22
     -2.8112656	8.736686	1.5	1.23
       -2.81205	8.9307216	1.5	1.24
     -2.8121794	8.739971	1.5	1.25
     -2.8133655	8.7388379	1.5	1.26
     -2.8138122	8.7487821	1.5	1.27
     -2.8125899	8.8657492	1.5	1.28
     -2.8152132	8.7397166	1.5	1.29
     -2.8183971	8.7483204	1.5	1.3
     -2.8126116	8.8212922	1.5	1.31
     -2.8168112	8.7498691	1.5	1.32
      -2.812421	8.7335389	1.5	1.33
     -2.8152876	8.7896364	1.5	1.34
     -2.8151978	8.7229996	1.5	1.35
     -2.8104392	8.7150282	1.5	1.36
     -2.8174934	8.8230584	1.5	1.37
     -2.8196579	8.9125857	1.5	1.38
       -2.81122	8.7108473	1.5	1.39
     -2.8157614	8.848916	1.5	1.4
     -2.8156175	8.7775021	1.5	1.41
     -2.8158902	8.8233717	1.5	1.42
     -2.8161968	8.7296564	1.5	1.43
     -2.8122794	8.8291148	1.5	1.44
     -2.8169538	8.7628161	1.5	1.45
     -2.8138632	8.791191	1.5	1.46
     -2.8227405	9.6763459	1.5	1.47
      -2.818688	8.7628684	1.5	1.48
     -2.8205277	8.8746906	1.5	1.49
     -2.8526573	8.7921353	1.6	1.01
     -2.8476462	8.7636579	1.6	1.02
     -2.8502106	8.7584962	1.6	1.03
     -2.8550627	9.7277771	1.6	1.04
     -2.8490754	8.7528441	1.6	1.05
     -2.8518206	8.8360982	1.6	1.06
     -2.8497762	8.7553707	1.6	1.07
     -2.8490977	8.7150514	1.6	1.08
     -2.8553403	8.8171996	1.6	1.09
     -2.8516624	8.8173677	1.6	1.1
      -2.849223	8.707467	1.6	1.11
     -2.8503666	8.8654722	1.6	1.12
     -2.8509216	8.8168833	1.6	1.13
     -2.8538346	8.8554651	1.6	1.14
     -2.8513827	8.7577423	1.6	1.15
      -2.853653	8.8185515	1.6	1.16
     -2.8500154	8.7694306	1.6	1.17
     -2.8474293	8.7065868	1.6	1.18
      -2.853923	8.7644908	1.6	1.19
     -2.8611352	8.8763364	1.6	1.2
     -2.8535125	8.7817077	1.6	1.21
     -2.8536992	8.7496516	1.6	1.22
     -2.8537279	8.7874956	1.6	1.23
     -2.8536879	8.7643058	1.6	1.24
     -2.8543902	8.7579365	1.6	1.25
     -2.8525271	8.7539351	1.6	1.26
     -2.8489294	8.6953723	1.6	1.27
     -2.8505728	8.7195104	1.6	1.28
     -2.8561789	8.8362944	1.6	1.29
     -2.8525853	8.8781556	1.6	1.3
     -2.8512769	8.7232998	1.6	1.31
     -2.8587348	9.0025728	1.6	1.32
     -2.8534395	8.7644034	1.6	1.33
     -2.8576111	8.7801673	1.6	1.34
     -2.8565728	8.8213605	1.6	1.35
     -2.8537224	8.7544909	1.6	1.36
      -2.852523	8.7799382	1.6	1.37
     -2.8524767	8.7355142	1.6	1.38
     -2.8535209	8.8603908	1.6	1.39
     -2.8501461	8.7328361	1.6	1.4
      -2.854909	8.768929	1.6	1.41
     -2.8568248	8.7739366	1.6	1.42
     -2.8585082	8.8666559	1.6	1.43
     -2.8575843	8.7940785	1.6	1.44
     -2.8573418	8.858816	1.6	1.45
     -2.8550039	8.7068464	1.6	1.46
      -2.855939	8.7626016	1.6	1.47
     -2.8571594	8.8761275	1.6	1.48
      -2.855433	8.7894836	1.6	1.49
     -2.8723792	8.7011725	1.7	1.01
     -2.8754808	8.727534	1.7	1.02
     -2.8779864	8.7710501	1.7	1.03
     -2.8729871	8.6596007	1.7	1.04
     -2.8754349	8.7512022	1.7	1.05
     -2.8770141	8.7089813	1.7	1.06
     -2.8789618	8.7634259	1.7	1.07
     -2.8769673	8.7223177	1.7	1.08
     -2.8792457	8.7824776	1.7	1.09
     -2.8775892	8.7044325	1.7	1.1
     -2.8758014	8.746128	1.7	1.11
     -2.8776578	9.0204155	1.7	1.12
     -2.8776714	8.7482262	1.7	1.13
     -2.8758418	8.6850068	1.7	1.14
     -2.8778374	8.7170273	1.7	1.15
     -2.8781075	8.8148928	1.7	1.16
      -2.880389	8.7831769	1.7	1.17
     -2.8761533	8.7121185	1.7	1.18
     -2.8783062	8.8368368	1.7	1.19
     -2.8761329	8.695233	1.7	1.2
     -2.8750321	8.8730511	1.7	1.21
     -2.8776949	8.7086771	1.7	1.22
     -2.8774271	8.7343168	1.7	1.23
     -2.8779871	8.7103859	1.7	1.24
     -2.8807541	8.7838937	1.7	1.25
     -2.8743712	8.6872936	1.7	1.26
     -2.8792438	8.761814	1.7	1.27
     -2.8765587	8.7499133	1.7	1.28
     -2.8774223	8.7895518	1.7	1.29
     -2.8750325	8.7065797	1.7	1.3
     -2.8745214	8.7065835	1.7	1.31
     -2.8752264	8.7194567	1.7	1.32
      -2.876271	8.7165366	1.7	1.33
     -2.8736957	8.6684318	1.7	1.34
     -2.8780988	8.7073004	1.7	1.35
     -2.8769139	8.6640469	1.7	1.36
      -2.878778	8.7271757	1.7	1.37
     -2.8787658	8.754169	1.7	1.38
     -2.8795245	8.7702634	1.7	1.39
     -2.8793052	8.770822	1.7	1.4
     -2.8778787	8.7275188	1.7	1.41
     -2.8748479	8.7678251	1.7	1.42
     -2.8780368	8.7170825	1.7	1.43
     -2.8742266	8.6891719	1.7	1.44
     -2.8782129	8.7389897	1.7	1.45
     -2.8809536	8.7648346	1.7	1.46
     -2.8786707	8.8035099	1.7	1.47
     -2.8801338	8.7715326	1.7	1.48
     -2.8782806	8.8002121	1.7	1.49
     -2.8851246	8.6515621	1.8	1.01
     -2.8849524	8.649387	1.8	1.02
     -2.8838657	8.6768018	1.8	1.03
     -2.8879344	8.6262598	1.8	1.04
     -2.8881315	8.6484357	1.8	1.05
       -2.88613	8.6403483	1.8	1.06
      -2.884658	8.6237067	1.8	1.07
     -2.8829512	8.6049364	1.8	1.08
     -2.8834052	8.6170569	1.8	1.09
     -2.8835361	8.6194637	1.8	1.1
     -2.8824771	8.6072375	1.8	1.11
     -2.8872815	8.6593574	1.8	1.12
     -2.8833235	8.6436255	1.8	1.13
     -2.8852494	8.65118	1.8	1.14
     -2.8829119	8.6401813	1.8	1.15
     -2.8856114	8.6375013	1.8	1.16
     -2.8843929	8.656142	1.8	1.17
     -2.8846259	8.5936879	1.8	1.18
     -2.8857468	8.63618	1.8	1.19
     -2.8823458	8.5897349	1.8	1.2
      -2.881822	8.6196183	1.8	1.21
     -2.8828495	8.657708	1.8	1.22
     -2.8856957	8.6529764	1.8	1.23
     -2.8826391	8.6433145	1.8	1.24
     -2.8829461	8.666425	1.8	1.25
      -2.880195	8.5844859	1.8	1.26
     -2.8828619	8.6508016	1.8	1.27
     -2.8833092	8.6271249	1.8	1.28
     -2.8825265	8.6531781	1.8	1.29
     -2.8811312	8.6591617	1.8	1.3
     -2.8852356	8.6612781	1.8	1.31
     -2.8807444	8.6036662	1.8	1.32
     -2.8832273	8.7579916	1.8	1.33
     -2.8854524	8.6466787	1.8	1.34
     -2.8814651	8.6316815	1.8	1.35
     -2.8846311	8.6539662	1.8	1.36
     -2.8831524	8.628571	1.8	1.37
     -2.8845524	8.6330776	1.8	1.38
     -2.8816952	8.6083462	1.8	1.39
     -2.8818011	8.6202136	1.8	1.4
     -2.8845172	8.608839	1.8	1.41
     -2.8810916	8.606271	1.8	1.42
      -2.883755	8.6565588	1.8	1.43
     -2.8822818	8.6137907	1.8	1.44
      -2.881014	8.6147638	1.8	1.45
     -2.8822762	8.6183036	1.8	1.46
     -2.8772629	8.5692369	1.8	1.47
      -2.879084	8.6101815	1.8	1.48
     -2.8804691	8.6694127	1.8	1.49
     -2.8797911	8.5276557	1.9	1.01
     -2.8766077	8.5431252	1.9	1.02
     -2.8783944	8.5647942	1.9	1.03
     -2.8756168	8.5253409	1.9	1.04
     -2.8760925	8.5551881	1.9	1.05
     -2.8750637	8.5499754	1.9	1.06
      -2.875545	8.62348	1.9	1.07
     -2.8779544	8.530255	1.9	1.08
     -2.8766597	8.5031362	1.9	1.09
     -2.8754573	8.6348108	1.9	1.1
     -2.8746156	8.5183243	1.9	1.11
     -2.8734124	8.4868211	1.9	1.12
     -2.8748738	8.5358977	1.9	1.13
     -2.8729572	8.5588469	1.9	1.14
     -2.8736886	8.5020325	1.9	1.15
     -2.8729056	8.4768924	1.9	1.16
     -2.8740557	8.4824008	1.9	1.17
     -2.8739949	8.5614841	1.9	1.18
     -2.8735175	8.4900939	1.9	1.19
     -2.8707711	8.5000737	1.9	1.2
      -2.871951	8.4783752	1.9	1.21
     -2.8728526	8.6012009	1.9	1.22
     -2.8715558	8.4862473	1.9	1.23
     -2.8708561	8.5557599	1.9	1.24
     -2.8713238	8.6357362	1.9	1.25
     -2.8710491	8.4797169	1.9	1.26
     -2.8708554	8.5342779	1.9	1.27
     -2.8715107	8.4954827	1.9	1.28
     -2.8707252	8.5116952	1.9	1.29
      -2.870255	8.5110071	1.9	1.3
     -2.8686282	8.5111565	1.9	1.31
     -2.8700215	8.5156654	1.9	1.32
     -2.8672429	8.4681523	1.9	1.33
     -2.8668949	8.4541558	1.9	1.34
     -2.8660252	8.4607478	1.9	1.35
     -2.8677301	8.4637521	1.9	1.36
     -2.8669193	8.6051084	1.9	1.37
     -2.8665817	8.5047988	1.9	1.38
     -2.8675044	8.4966212	1.9	1.39
      -2.867478	8.4924368	1.9	1.4
     -2.8645907	8.4726044	1.9	1.41
     -2.8675328	8.4601129	1.9	1.42
     -2.8659462	8.5587277	1.9	1.43
     -2.8666046	8.5152405	1.9	1.44
     -2.8672883	8.4992507	1.9	1.45
     -2.8667084	8.5042293	1.9	1.46
     -2.8657846	8.4930794	1.9	1.47
     -2.8652837	8.4876684	1.9	1.48
      -2.865913	8.4977991	1.9	1.49
     -2.8540334	8.408173	2	1.01
     -2.8518575	8.4194015	2	1.02
     -2.8530927	8.4172492	2	1.03
     -2.8507427	8.4286318	2	1.04
     -2.8507106	8.4184717	2	1.05
     -2.8482934	8.4155736	2	1.06
     -2.8492558	8.3941414	2	1.07
     -2.8480704	8.4555667	2	1.08
     -2.8455674	8.3844943	2	1.09
     -2.8472091	8.4099435	2	1.1
     -2.8479934	8.3765461	2	1.11
     -2.8475211	8.4203894	2	1.12
     -2.8474263	8.3751136	2	1.13
     -2.8471249	8.4033869	2	1.14
     -2.8460575	8.389475	2	1.15
     -2.8438367	8.3939892	2	1.16
     -2.8452131	8.4187432	2	1.17
     -2.8478743	8.4154615	2	1.18
     -2.8453677	8.3772179	2	1.19
     -2.8423784	8.4363747	2	1.2
     -2.8437379	8.3892685	2	1.21
      -2.842263	8.3858139	2	1.22
     -2.8420009	8.356048	2	1.23
     -2.8439776	8.3873885	2	1.24
     -2.8419429	8.3677147	2	1.25
     -2.8404482	8.3923547	2	1.26
     -2.8371662	8.3887445	2	1.27
     -2.8395599	8.3989239	2	1.28
     -2.8404471	8.3582996	2	1.29
     -2.8395334	8.3878919	2	1.3
     -2.8384935	8.3857886	2	1.31
     -2.8416535	8.4771401	2	1.32
      -2.840157	8.3663391	2	1.33
     -2.8383799	8.3616593	2	1.34
     -2.8357151	8.3499309	2	1.35
     -2.8362767	8.3769058	2	1.36
      -2.837154	8.3363358	2	1.37
     -2.8358058	8.354431	2	1.38
     -2.8358337	8.3572437	2	1.39
     -2.8349987	8.3678041	2	1.4
       -2.83729	8.3911515	2	1.41
     -2.8373407	8.3487645	2	1.42
     -2.8350475	8.3909611	2	1.43
     -2.8350221	8.3712136	2	1.44
     -2.8352334	8.3648817	2	1.45
     -2.8333532	8.3126605	2	1.46
     -2.8322923	8.3751446	2	1.47
      -2.833584	8.3614853	2	1.48
     -2.8292326	8.4203456	2	1.49
     -2.8078112	8.3551011	2.1	1.01
     -2.8092901	8.3479089	2.1	1.02
     -2.8110753	8.3670476	2.1	1.03
     -2.8090463	8.3638583	2.1	1.04
     -2.8067991	8.3589635	2.1	1.05
     -2.8008047	8.3597943	2.1	1.06
     -2.8081423	8.4019857	2.1	1.07
      -2.805186	8.3460932	2.1	1.08
     -2.8037429	8.3360963	2.1	1.09
     -2.8084101	8.3510089	2.1	1.1
     -2.8007898	8.4628128	2.1	1.11
     -2.7992157	8.3356274	2.1	1.12
     -2.7962657	8.3193078	2.1	1.13
     -2.7965154	8.3454523	2.1	1.14
     -2.8020488	8.3652022	2.1	1.15
     -2.8008333	8.3470012	2.1	1.16
     -2.7983121	8.3174409	2.1	1.17
     -2.7962334	8.3195559	2.1	1.18
     -2.8006934	8.5586451	2.1	1.19
     -2.7966688	8.5207492	2.1	1.2
     -2.7998507	8.333327	2.1	1.21
     -2.7973031	8.3755326	2.1	1.22
     -2.7914995	8.3532875	2.1	1.23
       -2.79032	8.3182932	2.1	1.24
     -2.7928995	8.2882284	2.1	1.25
      -2.793916	8.3414001	2.1	1.26
      -2.792346	8.3035597	2.1	1.27
     -2.7932073	8.3282066	2.1	1.28
     -2.7911626	8.3196856	2.1	1.29
     -2.7912206	8.3108563	2.1	1.3
     -2.7873042	8.3380457	2.1	1.31
     -2.7889131	8.3561538	2.1	1.32
     -2.7838937	8.2707865	2.1	1.33
     -2.7879694	8.3088142	2.1	1.34
     -2.7858261	8.2829204	2.1	1.35
     -2.7890302	8.315098	2.1	1.36
     -2.7888244	8.3145148	2.1	1.37
     -2.7869469	8.3305219	2.1	1.38
     -2.7844171	8.3657217	2.1	1.39
      -2.786463	8.2710544	2.1	1.4
      -2.784052	8.2938073	2.1	1.41
     -2.7843976	8.3029936	2.1	1.42
     -2.7795441	8.2870992	2.1	1.43
     -2.7820508	8.266482	2.1	1.44
      -2.782743	8.3126678	2.1	1.45
     -2.7825651	8.3089018	2.1	1.46
      -2.784931	8.3122413	2.1	1.47
     -2.7785737	8.4799377	2.1	1.48
     -2.7818129	8.4059395	2.1	1.49
     -2.7512064	8.4062649	2.2	1.01
     -2.7448667	8.4856745	2.2	1.02
      -2.746281	8.3823792	2.2	1.03
     -2.7469923	8.3866492	2.2	1.04
     -2.7407334	8.3553188	2.2	1.05
     -2.7376798	8.477954	2.2	1.06
     -2.7410645	8.4650714	2.2	1.07
     -2.7469365	8.454202	2.2	1.08
     -2.7346781	8.3866197	2.2	1.09
     -2.7331931	8.433047	2.2	1.1
     -2.7310014	8.3771998	2.2	1.11
     -2.7374479	8.4574463	2.2	1.12
     -2.7341632	8.5710221	2.2	1.13
     -2.7401294	8.3526528	2.2	1.14
     -2.7401056	8.4745751	2.2	1.15
     -2.7257924	8.4468759	2.2	1.16
     -2.7374277	8.3799351	2.2	1.17
     -2.7303296	8.337047	2.2	1.18
     -2.7296902	8.3921106	2.2	1.19
     -2.7294467	8.4076855	2.2	1.2
     -2.7335579	8.3844089	2.2	1.21
     -2.7344057	8.4062222	2.2	1.22
     -2.7261687	8.4043496	2.2	1.23
     -2.7289812	8.3623855	2.2	1.24
     -2.7286621	8.3871486	2.2	1.25
     -2.7168685	8.3175504	2.2	1.26
     -2.7255182	8.3889907	2.2	1.27
     -2.7200613	8.414583	2.2	1.28
     -2.7309486	8.4029789	2.2	1.29
     -2.7213781	8.362819	2.2	1.3
     -2.7228703	8.3003392	2.2	1.31
     -2.7185566	8.3338367	2.2	1.32
     -2.7134558	8.3589256	2.2	1.33
     -2.7155426	8.2869373	2.2	1.34
     -2.7202387	8.3862765	2.2	1.35
     -2.7189916	8.3795816	2.2	1.36
      -2.717735	8.4823763	2.2	1.37
     -2.7187283	8.3149403	2.2	1.38
     -2.7161934	8.3348981	2.2	1.39
     -2.7098171	8.4569628	2.2	1.4
     -2.7135693	8.364945	2.2	1.41
     -2.7154561	8.2993036	2.2	1.42
     -2.7163089	8.3212007	2.2	1.43
     -2.7145903	8.3384934	2.2	1.44
     -2.7137916	8.9061959	2.2	1.45
     -2.7118469	8.5271306	2.2	1.46
      -2.716172	8.3075897	2.2	1.47
     -2.7175052	8.3140819	2.2	1.48
     -2.7014152	8.34045	2.2	1.49
     -2.6622914	8.6198462	2.3	1.01
      -2.666794	8.7203781	2.3	1.02
     -2.6669135	8.6162617	2.3	1.03
      -2.667032	8.546512	2.3	1.04
     -2.6666098	8.6395457	2.3	1.05
     -2.6678786	8.5483647	2.3	1.06
     -2.6608709	8.7069424	2.3	1.07
     -2.6643009	8.5278371	2.3	1.08
     -2.6564341	8.5868348	2.3	1.09
     -2.6597982	8.5478952	2.3	1.1
     -2.6562626	8.6190948	2.3	1.11
     -2.6592244	8.6463953	2.3	1.12
     -2.6583623	8.5940991	2.3	1.13
     -2.6526043	8.5996735	2.3	1.14
     -2.6528359	8.6437435	2.3	1.15
     -2.6514381	8.5356416	2.3	1.16
     -2.6470551	8.559821	2.3	1.17
     -2.6556444	8.5092043	2.3	1.18
     -2.6462115	8.7517807	2.3	1.19
     -2.6572411	8.5854933	2.3	1.2
     -2.6463663	8.512442	2.3	1.21
     -2.6423993	8.557541	2.3	1.22
     -2.6453868	8.6828846	2.3	1.23
     -2.6406275	8.5940511	2.3	1.24
     -2.6455348	9.7849415	2.3	1.25
     -2.6323965	8.6066427	2.3	1.26
     -2.6475473	8.4908165	2.3	1.27
     -2.6486982	8.53635	2.3	1.28
     -2.6345159	8.6364254	2.3	1.29
     -2.6389744	8.5056321	2.3	1.3
     -2.6304288	8.5729973	2.3	1.31
     -2.6477805	8.665405	2.3	1.32
     -2.6369275	8.5704044	2.3	1.33
     -2.6323778	8.8081882	2.3	1.34
     -2.6326339	8.6211446	2.3	1.35
      -2.624702	8.6205402	2.3	1.36
     -2.6303417	8.5436616	2.3	1.37
     -2.6362467	8.563096	2.3	1.38
     -2.6321956	8.4987763	2.3	1.39
     -2.6268379	8.7043436	2.3	1.4
     -2.6334019	8.5027655	2.3	1.41
     -2.6264933	8.5941263	2.3	1.42
     -2.6314727	8.5327512	2.3	1.43
     -2.6298092	8.4973267	2.3	1.44
     -2.6299785	8.5197697	2.3	1.45
     -2.6235911	8.7175624	2.3	1.46
     -2.6216411	8.5931058	2.3	1.47
     -2.6235826	8.5076836	2.3	1.48
     -2.6156402	8.640727	2.3	1.49
