     -2.8473753      9.0999817     0.99243556           1.62              0      1.3584897           0.011000000
     -2.8404314        9.10911      1.0410593           1.62              0      1.3431501         0.01991000000
     -2.8434217      9.0300937     0.94504673           1.62              0      1.3561301         0.02981000000
     -2.8420253      9.0639953     0.98688748           1.62              0      1.3468567         0.03971000000
     -2.8421449      9.0640952     0.98630744           1.62              0      1.3524652         0.04961000000
     -2.8429092      9.0196483     0.93751582           1.62              0      1.3508125         0.05951000000
      -2.843364      9.0500089     0.96529017           1.62              0      1.3543149         0.06941000000
     -2.8406653      9.0301161     0.96073705           1.62              0      1.3484619         0.07931000000
     -2.8430931      9.0760405     0.99286234           1.62              0      1.3532024         0.08921000000
     -2.8446443       9.456688      1.3646869           1.62              0      1.3468346         0.09911000000
     -2.8425776      9.0498446     0.96959739           1.62              0       1.351472          0.1091000000
     -2.8402306      9.0315338     0.96462397           1.62              0      1.3523545         0.11891000000
     -2.8417528      8.9868357      0.9112767           1.62              0      1.3498968         0.12881000000
     -2.8447173      9.0815795     0.98916279           1.62              0      1.3483419         0.13871000000
     -2.8428453      9.2534886      1.1717189           1.62              0      1.3520767         0.14861000000
     -2.8445955      9.0371385     0.94541477           1.62              0      1.3494982         0.15851000000
     -2.8418301      9.0095744     0.93357609           1.62              0      1.3518462         0.16841000000
     -2.8424227      9.1230159      1.0436491           1.62              0      1.3529108         0.17831000000
     -2.8462609       9.181966      1.0807647           1.62              0      1.3486576         0.18821000000
     -2.8425936      9.0762711     0.99593272           1.62              0      1.3467232         0.19811000000
     -2.8440596      9.3574103      1.2687354           1.62              0       1.353271          0.2081000000
     -2.8469329      9.0144241     0.90939686           1.62              0      1.3507126         0.21791000000
     -2.8454716      9.1037944      1.0070856           1.62              0      1.3484852         0.22781000000
      -2.844655      9.0338186     0.94175665           1.62              0      1.3479299         0.23771000000
     -2.8397957      8.9882527     0.92381291           1.62              0       1.353389         0.24761000000
      -2.845897      9.0317267     0.93259697           1.62              0      1.3514313         0.25751000000
     -2.8470566      9.0758014     0.97007012           1.62              0      1.3530788         0.26741000000
     -2.8433922      9.1334026      1.0485232           1.62              0      1.3530881         0.27731000000
     -2.8420725      8.9505992     0.87322338           1.62              0      1.3479322         0.28721000000
     -2.8426929      8.9566518     0.87574874           1.62              0      1.3569965         0.29711000000
     -2.8440619      8.9773128     0.88862481           1.62              0       1.348717          0.3071000000
      -2.850557      9.1450457      1.0193706           1.62              0      1.3512262         0.31691000000
     -2.8434328      9.0226666     0.93755642           1.62              0      1.3520237         0.32681000000
     -2.8413655       9.005273     0.93191519           1.62              0      1.3527393         0.33671000000
     -2.8427314      9.0814354      1.0003137           1.62              0      1.3544888         0.34661000000
     -2.8455715      9.4593074      1.3620304           1.62              0      1.3498272         0.35651000000
     -2.8426131      9.0857058      1.0052563           1.62              0      1.3477941         0.36641000000
     -2.8455906       9.123585      1.0261992           1.62              0      1.3535158         0.37631000000
     -2.8474111      9.1500071      1.0422568           1.62              0      1.3517338         0.38621000000
      -2.841675      9.0514704     0.97635341           1.62              0      1.3485521         0.39611000000
      -2.840221       9.035229     0.96837388           1.62              0      1.3489023          0.4061000000
     -2.8504953      9.0488617     0.92353821           1.62              0      1.3500213         0.41591000000
     -2.8407558      9.0101431     0.94024981           1.62              0      1.3499529         0.42581000000
     -2.8407787      9.0298773     0.95985357           1.62              0      1.3490687         0.43571000000
     -2.8435442      9.0925964      1.0068525           1.62              0      1.3509806         0.44561000000
      -2.845205      9.0009018     0.90571054           1.62              0      1.3545667         0.45551000000
     -2.8399381      8.9949057     0.92965745           1.62              0       1.349632         0.46541000000
     -2.8410853      9.1097121      1.0379465           1.62              0      1.3525442         0.47531000000
     -2.8454753       8.982152     0.88542226           1.62              0      1.3521578         0.48521000000
     -2.8415884      9.2575643      1.1829399           1.62              0      1.3466196         0.49511000000
     -2.8406924      9.1070027      1.0374694           1.62              0      1.3525688          0.5051000000
     -2.8427143      9.0038602     0.92283556           1.62              0      1.3505952         0.51491000000
     -2.8395279      8.9655834     0.90266469           1.62              0      1.3501621         0.52481000000
      -2.848959      9.0509951     0.93442798           1.62              0      1.3489553         0.53471000000
     -2.8432119      9.1675907      1.0837368           1.62              0      1.3473079         0.54461000000
     -2.8422042      8.9957348     0.91760989           1.62              0      1.3488572         0.55451000000
     -2.8358822      8.9223468     0.88011868           1.62              0      1.3486318         0.56441000000
      -2.848275       9.050565     0.93789466           1.62              0      1.3524784         0.57431000000
     -2.8399549      8.8973934     0.83204941           1.62              0      1.3517322         0.58421000000
     -2.8495763      9.1238741      1.0037892           1.62              0      1.3522766         0.59411000000
     -2.8395121      8.9947415     0.93191231           1.62              0       1.349173          0.6041000000
     -2.8446394      9.0115071     0.91953383           1.62              0      1.3465786         0.61391000000
     -2.8348714      8.9295467      0.8930507           1.62              0      1.3540798         0.62381000000
     -2.8433486      9.0479449     0.96331386           1.62              0      1.3475726         0.63371000000
     -2.8450617      9.1092566      1.0148808           1.62              0      1.3518703         0.64361000000
     -2.8423014      8.9868888     0.90821139           1.62              0      1.3510557         0.65351000000
     -2.8451158      8.9748678     0.88018374           1.62              0      1.3498386         0.66341000000
     -2.8438836      9.1168003      1.0291262           1.62              0      1.3511975         0.67331000000
     -2.8446519      9.0523523     0.96030808           1.62              0      1.3458468         0.68321000000
     -2.8433611      9.0131976     0.92849509           1.62              0      1.3512683         0.69311000000
     -2.8415365      9.0759751      1.0016453           1.62              0      1.3508152          0.7031000000
     -2.8435545      9.0344959     0.94869376           1.62              0      1.3438515         0.71291000000
     -2.8339642      8.9434265     0.91207358           1.62              0      1.3473066         0.72281000000
     -2.8523029      9.1011673     0.96553517           1.62              0      1.3471753         0.73271000000
     -2.8393906      8.9538017     0.89166252           1.62              0      1.3516131         0.74261000000
     -2.8413457      8.9627008     0.88945524           1.62              0      1.3499459         0.75251000000
     -2.8451175      8.9714608     0.87676694           1.62              0      1.3554943         0.76241000000
     -2.8446992       9.058947     0.96663326           1.62              0       1.354516         0.77231000000
     -2.8542382      9.1739521      1.0272763           1.62              0      1.3516431         0.78221000000
     -2.8445761      8.9271023     0.83548923           1.62              0      1.3449432         0.79211000000
     -2.8567525       9.817864      1.6568292           1.62              0      1.3481498          0.8021000000
     -2.8435045       8.998636     0.91311838           1.62              0      1.3479796         0.81191000000
     -2.8458049      8.9903105      0.8917049           1.62              0      1.3485726         0.82181000000
     -2.8331354      8.8731758     0.84651943           1.62              0      1.3521963         0.83171000000
     -2.8383705      8.9762537     0.91990662           1.62              0      1.3478197         0.84161000000
     -2.8385954      8.9576775     0.90005367           1.62              0      1.3469089         0.85151000000
     -2.8407858      8.9884597     0.91839595           1.62              0      1.3474346         0.86141000000
     -2.8405044       9.063683     0.99521792           1.62              0      1.3496688         0.87131000000
     -2.8443809      8.9342182     0.84371543           1.62              0      1.3492406         0.88121000000
     -2.8417346      9.0416661      0.9662103           1.62              0      1.3534693         0.89111000000
     -2.8450935      9.0215815     0.92702444           1.62              0      1.3478158          0.9011000000
     -2.8434132      8.9260967     0.84109817           1.62              0      1.3515929         0.91091000000
     -2.8409441      9.0179837     0.94702045           1.62              0      1.3516749         0.92081000000
      -2.845511      9.1389653      1.0420325           1.62              0      1.3528557         0.93071000000
       -2.83837      9.0085663     0.95222181           1.62              0      1.3492409         0.94061000000
     -2.8497877      9.1118589     0.99056918           1.62              0      1.3494543         0.95051000000
     -2.8387829      8.9549922     0.89630393           1.62              0      1.3531757         0.96041000000
     -2.8402302      8.9450678     0.87816051           1.62              0      1.3481579         0.97031000000
     -2.8465242      9.0061485     0.90344827           1.62              0      1.3490922         0.98021000000
     -2.8425437      8.9878757     0.90782081           1.62              0      1.3451464         0.99011000000
