     -3.1472385      10.351854     0.44674357          1.843           0.34     0.65342665          0.005            100
     -2.8908225      8.4725893     0.11573453          1.843           0.34      1.5346847          0.005         100100
     -2.8957581      8.5208083     0.13539348          1.843           0.34      1.5589429          0.005         200100
     -2.8918782      8.4802665     0.11730697          1.843           0.34      1.5074494          0.005         300100
     -2.8932689      8.4886935     0.11768845          1.843           0.34      1.5913015          0.005         400100
     -2.8971269      8.5302552     0.13691108          1.843           0.34      1.5141676          0.005         500100
     -2.8921955      8.4904366     0.12564163          1.843           0.34      1.5611606          0.005         600100
     -2.8880713      8.4577033     0.11674717          1.843           0.34      1.5374487          0.005         700100
      -2.893437      8.4942189      0.1222411          1.843           0.34      1.5667489          0.005         800100
     -2.8924967      8.4891348     0.12259762          1.843           0.34      1.5428343          0.005         900100
     -2.8886381      8.4613114     0.11708136          1.843           0.34      1.5490352          0.005        1000100
     -2.8904581      8.4780986     0.12335033          1.843           0.34      1.5520284          0.005        1100100
     -2.8918782      8.4824711     0.11951165          1.843           0.34      1.5409155          0.005        1200100
     -2.8922344      8.4887897     0.12376969          1.843           0.34      1.5546652          0.005        1300100
