   -0.066423245   0.0070574261           0.02              0
    -0.39143496     0.23949556           0.12              0
    -0.69369872     0.72650626           0.22              0
    -0.97717427      1.4201876           0.32              0
     -1.2328882      2.0921978           0.42              0
     -1.4869271      3.2804567           0.52              0
     -1.7154152      4.2373836           0.62              0
     -1.8989361      4.8868013           0.72              0
     -2.0727943      5.6246688           0.82              0
     -2.2616079       6.723394           0.92              0
     -2.3885406      7.2979622           1.02              0
     -2.5143015      7.9977021           1.12              0
     -2.6323337       8.337234           1.22              0
     -2.7252942      9.7525768           1.32              0
     -2.7786429      9.0101303           1.42              0
     -2.8184595       9.105171           1.52              0
     -2.8367139      8.9214165           1.62              0
       -2.83711      8.7416165           1.62              0            1.5
