     -2.8949756      8.5797808     0.19889727            1.8           1.05      1.3384407           0.011000000
     -2.8912042      8.5532811      0.1942196            1.8           1.05      1.3267225         0.01991000000
      -2.895823      8.5883415     0.20255042            1.8           1.05      1.3385754         0.02981000000
     -2.8922564       8.569332     0.20418495            1.8           1.05      1.3303168         0.03971000000
     -2.8924197      8.5596645     0.19357305            1.8           1.05      1.3339674         0.04961000000
     -2.8946329      8.5873843     0.20848481            1.8           1.05      1.3340982         0.05951000000
     -2.8954168      8.5835457     0.20010724            1.8           1.05       1.336918         0.06941000000
     -2.8936019      8.5659242     0.19299236            1.8           1.05      1.3364693         0.07931000000
     -2.8926156      8.5597527     0.19252791            1.8           1.05      1.3361154         0.08921000000
     -2.8935801      8.5683861     0.19558036            1.8           1.05      1.3317672         0.09911000000
     -2.8925212      8.5601745     0.19349568            1.8           1.05      1.3327583          0.1091000000
     -2.8947125      8.6126128     0.23325252            1.8           1.05      1.3354728         0.11891000000
     -2.8933371      8.5744258     0.20302614            1.8           1.05      1.3330528         0.12881000000
     -2.8925276      8.5574237     0.19070752            1.8           1.05      1.3344059         0.13871000000
     -2.8930201      8.5682222     0.19865684            1.8           1.05      1.3352347         0.14861000000
     -2.8926668      8.5663027     0.19878163            1.8           1.05      1.3312378         0.15851000000
     -2.8946341      8.5966155     0.21770894            1.8           1.05      1.3359367         0.16841000000
     -2.8964637      8.5907768     0.20127467            1.8           1.05      1.3356927         0.17831000000
     -2.8921911      8.5649982     0.20022887            1.8           1.05      1.3289487         0.18821000000
     -2.8930901      8.5816138     0.21164372            1.8           1.05      1.3281923         0.19811000000
     -2.8927215      8.5631009     0.19526345            1.8           1.05      1.3325985          0.2081000000
     -2.8924657      8.5652904     0.19893242            1.8           1.05      1.3364015         0.21791000000
     -2.8945295      8.6152978     0.23699687            1.8           1.05      1.3330484         0.22781000000
     -2.8930585      8.5655793     0.19579203            1.8           1.05      1.3307318         0.23771000000
     -2.8966057      8.7169106     0.32658575            1.8           1.05      1.3370158         0.24761000000
     -2.8936135      8.5768456     0.20384644            1.8           1.05      1.3336243         0.25751000000
     -2.8919827      8.5726992     0.20913542            1.8           1.05      1.3361238         0.26741000000
      -2.893574      8.5600388     0.18726836            1.8           1.05       1.335958         0.27731000000
     -2.8927694         8.5832     0.21508518            1.8           1.05      1.3337725         0.28721000000
     -2.8942018      8.5794982     0.20309423            1.8           1.05       1.337902         0.29711000000
     -2.8968453      8.6264428      0.2347302            1.8           1.05      1.3315159          0.3071000000
     -2.8950914      8.6382069     0.25665292            1.8           1.05        1.33346         0.31691000000
     -2.8955367      9.0503487     0.66621603            1.8           1.05      1.3362664         0.32681000000
     -2.8935456      8.5689858     0.19637995            1.8           1.05      1.3372776         0.33671000000
     -2.8928122      8.5711729     0.20281051            1.8           1.05      1.3364158         0.34661000000
     -2.8929953      8.5609228     0.19150108            1.8           1.05      1.3318988         0.35651000000
     -2.8936433      8.5753602     0.20218872            1.8           1.05       1.333828         0.36641000000
     -2.8934935      8.5801573      0.2078529            1.8           1.05      1.3333435         0.37631000000
     -2.8940364      8.5706602     0.19521348            1.8           1.05      1.3337812         0.38621000000
     -2.8948873      8.6785238     0.29815146            1.8           1.05      1.3341729         0.39611000000
     -2.8923189      8.5756637     0.21015489            1.8           1.05      1.3311293          0.4061000000
     -2.8947219      8.5833228     0.20390769            1.8           1.05      1.3308761         0.41591000000
     -2.8906213      8.5397028     0.18401143            1.8           1.05      1.3348588         0.42581000000
     -2.8930266      8.5697967     0.20019386            1.8           1.05      1.3362865         0.43571000000
     -2.8895551      8.5304173     0.18088854            1.8           1.05       1.335745         0.44561000000
     -2.8948249      8.5831528     0.20314154            1.8           1.05      1.3327757         0.45551000000
     -2.8927451      8.6110505     0.24307599            1.8           1.05      1.3352043         0.46541000000
     -2.8961954      8.6036563     0.21570841            1.8           1.05      1.3338556         0.47531000000
     -2.8979026      8.6134596     0.21561997            1.8           1.05      1.3324195         0.48521000000
     -2.8885036      8.5159899     0.17253685            1.8           1.05      1.3296118         0.49511000000
     -2.8948323      8.5732624     0.19320821            1.8           1.05      1.3364409          0.5051000000
     -2.8923924       8.557021     0.19108744            1.8           1.05       1.333082         0.51491000000
     -2.8941708      8.5773879     0.20116352            1.8           1.05      1.3334132         0.52481000000
     -2.8933488      8.5576809     0.18621359            1.8           1.05      1.3372713         0.53471000000
     -2.8953836       8.585268     0.20202183            1.8           1.05      1.3336732         0.54461000000
     -2.8929287      8.5655974     0.19656089            1.8           1.05      1.3315203         0.55451000000
     -2.8933491      8.5629475     0.19147851            1.8           1.05      1.3343176         0.56441000000
      -2.893019      8.5611601     0.19160138            1.8           1.05      1.3322638         0.57431000000
      -2.891122      8.5458281     0.18724185            1.8           1.05      1.3318701         0.58421000000
     -2.8951778      8.5621807     0.18012608            1.8           1.05      1.3315347         0.59411000000
     -2.8893468      8.5259655     0.17764041            1.8           1.05      1.3362202          0.6041000000
     -2.8909835      8.5535314     0.19574583            1.8           1.05      1.3325549         0.61391000000
      -2.895814      8.6515069     0.26576814            1.8           1.05      1.3347865         0.62381000000
     -2.8950779      8.5859667     0.20449087            1.8           1.05      1.3340119         0.63371000000
     -2.8925292      8.5462182     0.17949317            1.8           1.05      1.3386259         0.64361000000
     -2.8913815      8.5523757     0.19228846            1.8           1.05         1.3331         0.65351000000
      -2.890581      8.5613323     0.20587395            1.8           1.05      1.3331134         0.66341000000
     -2.8926405      8.5491565     0.18178736            1.8           1.05      1.3348867         0.67331000000
     -2.8918398       8.540363     0.17762551            1.8           1.05      1.3315525         0.68321000000
     -2.8933445      8.5540738     0.18263157            1.8           1.05      1.3350275         0.69311000000
     -2.8901937      8.5281949     0.17497525            1.8           1.05      1.3306493          0.7031000000
     -2.8927976      8.5664095     0.19813176            1.8           1.05      1.3281293         0.71291000000
     -2.8911773      8.5450348     0.18612882            1.8           1.05      1.3280148         0.72281000000
     -2.8915059      8.6274003     0.26659411            1.8           1.05      1.3340077         0.73271000000
     -2.8903312      8.5630851     0.20907073            1.8           1.05      1.3342499         0.74261000000
     -2.8903995      8.5479227     0.19351313            1.8           1.05      1.3336703         0.75251000000
     -2.8942248      8.7696909     0.39315339            1.8           1.05      1.3328303         0.76241000000
     -2.8928937      8.5665962     0.19776241            1.8           1.05      1.3349977         0.77231000000
     -2.8896802      8.5402895     0.19003803            1.8           1.05      1.3341638         0.78221000000
     -2.8956115      8.5830842     0.19851832            1.8           1.05      1.3333301         0.79211000000
      -2.892958      8.5629149     0.19370879            1.8           1.05      1.3303627          0.8021000000
     -2.8896726      8.5143055      0.1640975            1.8           1.05      1.3340081         0.81191000000
     -2.8895788      8.5313284     0.18166254            1.8           1.05      1.3330938         0.82181000000
     -2.8871815      8.5084865     0.17266964            1.8           1.05      1.3368228         0.83171000000
     -2.8940251      8.5673356     0.19195449            1.8           1.05      1.3299284         0.84161000000
     -2.8899151      8.5307197     0.17911066            1.8           1.05      1.3317745         0.85151000000
     -2.8969189       8.588103     0.19596387            1.8           1.05      1.3348249         0.86141000000
     -2.8955775      8.5724888     0.18811995            1.8           1.05      1.3368355         0.87131000000
     -2.8919484      8.5567538      0.1933881            1.8           1.05      1.3288608         0.88121000000
     -2.8984907      8.6620372       0.260789            1.8           1.05      1.3401603         0.89111000000
      -2.892961      8.5642373     0.19501414            1.8           1.05      1.3337487          0.9011000000
     -2.8932874      8.6154422     0.24433038            1.8           1.05      1.3370521         0.91091000000
       -2.88932      8.5205876     0.17241744            1.8           1.05      1.3358611         0.92081000000
     -2.8954256      8.5792396     0.19575019            1.8           1.05      1.3377596         0.93071000000
     -2.8902881      8.5298427     0.17607753            1.8           1.05      1.3330882         0.94061000000
     -2.8940181      8.5973762     0.22203549            1.8           1.05      1.3311651         0.95051000000
     -2.8959721      8.5854704     0.19881581            1.8           1.05      1.3325533         0.96041000000
      -2.897203      8.9938305     0.60004537            1.8           1.05       1.328769         0.97031000000
     -2.8927208      8.5631292     0.19529573            1.8           1.05      1.3335774         0.98021000000
     -2.8910054      8.5520039     0.19409172            1.8           1.05      1.3318849         0.99011000000
