     -2.7649956      8.1297323     0.48453151            1.6            0.3      1.8488122          0.00510000000
     -2.7631542      8.1112812     0.47625996            1.6     0.30533333      1.8444171          0.00510000000
     -2.7656759      8.1401746     0.49121153            1.6     0.31066667       1.831697          0.00510000000
     -2.7696433       8.169034     0.49811007            1.6          0.316      1.8214992          0.00510000000
     -2.7700279      8.1526154     0.47956067            1.6     0.32133333      1.8258875          0.00510000000
     -2.7760351      8.1926602     0.48628914            1.6     0.32666667      1.8129341          0.00510000000
     -2.7811635      8.2584388     0.52356863            1.6          0.332      1.8002696          0.00510000000
     -2.7792922      8.2182557     0.49379063            1.6     0.33733333      1.7944384          0.00510000000
     -2.7844685      8.2307101     0.47744506            1.6     0.34266667      1.7940201          0.00510000000
     -2.7815069      8.2147765     0.47799591            1.6          0.348      1.7902763          0.00510000000
     -2.7880473      8.2673693     0.49416179            1.6     0.35333333      1.7741275          0.00510000000
     -2.7873285      8.2967075     0.52750714            1.6     0.35866667      1.7652874          0.00510000000
     -2.7927078      8.2929416     0.49372488            1.6          0.364      1.7663438          0.00510000000
     -2.7960963      8.3213181     0.50316351            1.6     0.36933333      1.7645187          0.00510000000
     -2.7973851      8.3154753     0.49011165            1.6     0.37466667      1.7446203          0.00510000000
      -2.824676       8.290468     0.31167327            1.7            0.3      1.7339239          0.00510000000
     -2.8239052      8.2824191      0.3079786            1.7     0.30533333       1.731503          0.00510000000
     -2.8252155      8.3051563     0.32331375            1.7     0.31066667       1.718309          0.00510000000
     -2.8279097      8.3047387     0.30766521            1.7          0.316      1.7118128          0.00510000000
     -2.8296421      8.3217847     0.31491038            1.7     0.32133333       1.714569          0.00510000000
     -2.8324993      8.3300703     0.30701786            1.7     0.32666667      1.7028834          0.00510000000
     -2.8365587      8.3680541     0.32198853            1.7          0.332      1.6905529          0.00510000000
     -2.8351729      8.3649509     0.32674579            1.7     0.33733333      1.6857255          0.00510000000
     -2.8397363      8.3852289     0.32112667            1.7     0.34266667      1.6865073          0.00510000000
     -2.8373513      8.3579103     0.30734768            1.7          0.348      1.6824753          0.00510000000
     -2.8418902      8.3884138     0.31207376            1.7     0.35333333      1.6682648          0.00510000000
      -2.841201      8.3896542     0.31723125            1.7     0.35866667      1.6578451          0.00510000000
     -2.8456282      8.4119605     0.31436085            1.7          0.364      1.6609547          0.00510000000
     -2.8479199      8.4260379     0.31539018            1.7     0.36933333      1.6583867          0.00510000000
     -2.8486025      8.4335836     0.31904714            1.7     0.37466667      1.6398696          0.00510000000
     -2.8482824      8.3579063     0.24519381           1.75            0.3      1.6860727          0.00510000000
     -2.8495933      8.3616151      0.2414331           1.75     0.30533333      1.6768925          0.00510000000
     -2.8522955      8.3743685       0.238779           1.75     0.31066667      1.6676573          0.00510000000
      -2.852607      8.3765572     0.23919068           1.75          0.316      1.6615337          0.00510000000
     -2.8557981      8.3970937      0.2415109           1.75     0.32133333      1.6563922          0.00510000000
     -2.8557592      8.3828991      0.2275384           1.75     0.32666667      1.6465572          0.00510000000
     -2.8586024      8.4277245     0.25611696           1.75          0.332       1.641984          0.00510000000
     -2.8603676      8.4260753     0.24437265           1.75     0.33733333      1.6372097          0.00510000000
     -2.8598045      8.4122855      0.2338039           1.75     0.34266667      1.6363559          0.00510000000
     -2.8613124      8.4204967     0.23338805           1.75          0.348      1.6207263          0.00510000000
     -2.8633551      8.4349097     0.23610709           1.75     0.35333333      1.6264647          0.00510000000
     -2.8628427      8.4243046     0.22843618           1.75     0.35866667      1.6182495          0.00510000000
     -2.8651044      8.4448063     0.23598303           1.75          0.364      1.6084443          0.00510000000
     -2.8655159      8.4456839      0.2345023           1.75     0.36933333      1.6024193          0.00510000000
     -2.8679798      8.4551373     0.22982892           1.75     0.37466667      1.6023078          0.00510000000
     -2.8697377      8.4068404      0.1714462            1.8            0.3      1.6321458          0.00510000000
     -2.8691371       8.404409     0.17246147            1.8     0.30533333      1.6279522          0.00510000000
     -2.8694046      8.4035867       0.170104            1.8     0.31066667      1.6166501          0.00510000000
     -2.8717612      8.4176834     0.17067116            1.8          0.316      1.6119692          0.00510000000
     -2.8730698       8.421743     0.16721314            1.8     0.32133333      1.6127792          0.00510000000
     -2.8753926      8.4407738     0.17289126            1.8     0.32666667      1.6015678          0.00510000000
     -2.8773912      8.4486705     0.16929055            1.8          0.332      1.5928225          0.00510000000
      -2.876244      8.4443603     0.17158096            1.8     0.33733333      1.5869564          0.00510000000
     -2.8795433       8.462584      0.1708141            1.8     0.34266667      1.5885537          0.00510000000
     -2.8786911       8.454698      0.1678355            1.8          0.348      1.5850528          0.00510000000
     -2.8807773      8.4643544     0.16547647            1.8     0.35333333      1.5734063          0.00510000000
     -2.8794133      8.4541584     0.16313764            1.8     0.35866667       1.560527          0.00510000000
     -2.8834486      8.4898275     0.17555188            1.8          0.364      1.5646508          0.00510000000
     -2.8848499      8.4938914     0.17153256            1.8     0.36933333      1.5616845          0.00510000000
      -2.884882      8.4918671     0.16932289            1.8     0.37466667      1.5470842          0.00510000000
     -2.8862623       8.449709     0.11919865           1.85            0.3      1.5877624          0.00510000000
     -2.8862652      8.4500795     0.11955275           1.85     0.30533333      1.5781997          0.00510000000
     -2.8877874      8.4554489     0.11613295           1.85     0.31066667      1.5697393          0.00510000000
     -2.8882654      8.4581971     0.11612015           1.85          0.316      1.5660035          0.00510000000
     -2.8902877      8.4732298     0.11946692           1.85     0.32133333      1.5607025          0.00510000000
     -2.8893938      8.4659412     0.11734462           1.85     0.32666667      1.5520119          0.00510000000
       -2.89126      8.4827346     0.12335046           1.85          0.332      1.5488129          0.00510000000
     -2.8926451      8.4828458     0.11544986           1.85     0.33733333      1.5438239          0.00510000000
     -2.8926085      8.4806973      0.1135135           1.85     0.34266667      1.5423521          0.00510000000
     -2.8930407      8.4845008     0.11481631           1.85          0.348      1.5286183          0.00510000000
     -2.8946265      8.4932454     0.11438268           1.85     0.35333333      1.5344069          0.00510000000
     -2.8944937      8.4905653     0.11247124           1.85     0.35866667      1.5263618          0.00510000000
     -2.8945348      8.5002016     0.12187005           1.85          0.364      1.5163681          0.00510000000
     -2.8954801      8.4974098     0.11360473           1.85     0.36933333      1.5128651          0.00510000000
     -2.8968019      8.5067073     0.11524589           1.85     0.37466667       1.511361          0.00510000000
      -2.899245      8.4905401    0.084918617            1.9            0.3      1.5387692          0.00510000000
     -2.8994456      8.4907652    0.083980088            1.9     0.30533333      1.5358671          0.00510000000
     -2.8978698      8.4784749    0.080825593            1.9     0.31066667      1.5247001          0.00510000000
      -2.898961      8.4853744    0.081399466            1.9          0.316      1.5203866          0.00510000000
     -2.9007786      8.4944962    0.079979553            1.9     0.32133333      1.5209147          0.00510000000
     -2.9016376      8.5034298    0.083929146            1.9     0.32666667      1.5105321          0.00510000000
     -2.9016598      8.5010796     0.08145003            1.9          0.332      1.5021288          0.00510000000
     -2.9012483      8.4986278     0.08138581            1.9     0.33733333      1.4986726          0.00510000000
     -2.9034027      8.5100234    0.080275969            1.9     0.34266667      1.4995502          0.00510000000
     -2.9032735      8.5088802    0.079882965            1.9          0.348      1.4951635          0.00510000000
     -2.9033407      8.5094256    0.080038527            1.9     0.35333333      1.4865331          0.00510000000
     -2.9018131      8.5000422    0.079522697            1.9     0.35866667       1.473381          0.00510000000
     -2.9040142      8.5137836    0.080485389            1.9          0.364      1.4778005          0.00510000000
     -2.9054404      8.5206211     0.07903745            1.9     0.36933333      1.4743787          0.00510000000
     -2.9047513      8.5171916    0.079611241            1.9     0.37466667      1.4614122          0.00510000000
     -2.9078459      8.5236797    0.068112014           1.95            0.3      1.4975868          0.00510000000
     -2.9063335      8.5140782    0.067303684           1.95     0.30533333      1.4892804          0.00510000000
      -2.907348      8.5208918    0.068219504           1.95     0.31066667      1.4824158          0.00510000000
     -2.9073812      8.5198186    0.066952949           1.95          0.316      1.4779755          0.00510000000
     -2.9085294      8.5272639    0.067720718           1.95     0.32133333      1.4726831          0.00510000000
     -2.9068314      8.5161963    0.066527432           1.95     0.32666667      1.4654565          0.00510000000
     -2.9078317      8.5227818    0.067296555           1.95          0.332      1.4632838          0.00510000000
     -2.9084589      8.5265486    0.067415666           1.95     0.33733333      1.4572392          0.00510000000
     -2.9089727      8.5288839    0.066761765           1.95     0.34266667      1.4579286          0.00510000000
     -2.9079345      8.5224447     0.06636174           1.95          0.348      1.4445086          0.00510000000
     -2.9100528      8.5349737    0.066566368           1.95     0.35333333      1.4503015          0.00510000000
     -2.9092902      8.5305527    0.066583125           1.95     0.35866667      1.4438987          0.00510000000
     -2.9075743      8.5203888    0.066400604           1.95          0.364      1.4344099          0.00510000000
     -2.9088561      8.5277124    0.066268299           1.95     0.36933333      1.4314784          0.00510000000
      -2.908641      8.5269104    0.066718179           1.95     0.37466667      1.4285105          0.00510000000
