    -0.63428102	0.62292404	0.2	1.01
    -0.63612309	0.63701313	0.2	1.02
    -0.62751463	0.61087645	0.2	1.03
     -0.6437243	0.63924971	0.2	1.04
    -0.62788771	0.61481561	0.2	1.05
    -0.63214253	0.6558406	0.2	1.06
    -0.63329837	0.62136329	0.2	1.07
    -0.64054714	0.64331041	0.2	1.08
    -0.64429845	0.63930839	0.2	1.09
    -0.63204408	0.62465302	0.2	1.1
    -0.63126612	0.61921368	0.2	1.11
    -0.63306419	0.63099286	0.2	1.12
    -0.63538158	0.61707045	0.2	1.13
    -0.63902157	0.62827305	0.2	1.14
    -0.63977576	0.64929422	0.2	1.15
    -0.62773561	0.61550879	0.2	1.16
    -0.63735514	0.62509724	0.2	1.17
    -0.63506046	0.65912259	0.2	1.18
    -0.63163051	0.62210669	0.2	1.19
    -0.63811775	0.63852652	0.2	1.2
    -0.63698235	0.63186126	0.2	1.21
    -0.63570908	0.61888334	0.2	1.22
     -0.6267832	0.60446434	0.2	1.23
     -0.6274905	0.61964763	0.2	1.24
    -0.64037205	0.64357592	0.2	1.25
    -0.62696501	0.6116986	0.2	1.26
    -0.63557999	0.63717794	0.2	1.27
       -0.63719	0.64357168	0.2	1.28
    -0.64201502	0.64826191	0.2	1.29
    -0.62751865	0.59938205	0.2	1.3
    -0.62628606	0.62772369	0.2	1.31
    -0.62402095	0.60408597	0.2	1.32
    -0.62758928	0.61881938	0.2	1.33
    -0.64160207	0.64922195	0.2	1.34
    -0.62985704	0.61810695	0.2	1.35
    -0.63034832	0.615188	0.2	1.36
     -0.6437704	0.64933263	0.2	1.37
    -0.63930155	0.64116065	0.2	1.38
    -0.63786721	0.63673249	0.2	1.39
    -0.63765697	0.63231269	0.2	1.4
    -0.63978426	0.65208613	0.2	1.41
    -0.63410564	0.62475938	0.2	1.42
    -0.62441861	0.6100692	0.2	1.43
    -0.63485792	0.61417631	0.2	1.44
    -0.63100713	0.61747946	0.2	1.45
    -0.63397999	0.62600495	0.2	1.46
    -0.63546999	0.62313473	0.2	1.47
    -0.63485939	0.64006236	0.2	1.48
    -0.62687921	0.61901044	0.2	1.49
    -0.92171031	1.3377133	0.3	1.01
    -0.91883272	1.2844366	0.3	1.02
    -0.91542823	1.2635756	0.3	1.03
    -0.91685207	1.2753443	0.3	1.04
    -0.91204201	1.2475616	0.3	1.05
    -0.93048766	1.3688665	0.3	1.06
    -0.90945199	1.250984	0.3	1.07
    -0.91681857	1.274684	0.3	1.08
    -0.91758319	1.2957805	0.3	1.09
    -0.91457859	1.2753992	0.3	1.1
    -0.91694981	1.2832529	0.3	1.11
    -0.91452286	1.2807307	0.3	1.12
    -0.91124031	1.2564881	0.3	1.13
    -0.92231579	1.2987128	0.3	1.14
    -0.91435283	1.2782932	0.3	1.15
    -0.92147941	1.3095453	0.3	1.16
    -0.91359112	1.2635651	0.3	1.17
     -0.9158276	1.2563624	0.3	1.18
    -0.91803896	1.271141	0.3	1.19
    -0.91696849	1.3349491	0.3	1.2
    -0.92005635	1.2724627	0.3	1.21
    -0.92073835	1.2776922	0.3	1.22
    -0.91519223	1.2571863	0.3	1.23
    -0.92048754	1.2833489	0.3	1.24
    -0.91895957	1.2687625	0.3	1.25
    -0.91680831	1.2839773	0.3	1.26
     -0.9130527	1.2749829	0.3	1.27
    -0.91501284	1.2651721	0.3	1.28
    -0.90972289	1.2701602	0.3	1.29
    -0.92093005	1.3190682	0.3	1.3
    -0.91836405	1.3154785	0.3	1.31
    -0.91828349	1.3036705	0.3	1.32
    -0.91705806	1.2816289	0.3	1.33
    -0.92783223	1.3198107	0.3	1.34
    -0.91698857	1.2843102	0.3	1.35
      -0.908714	1.4106774	0.3	1.36
    -0.92708936	1.3268123	0.3	1.37
    -0.92094948	1.3565504	0.3	1.38
    -0.92102886	1.3409972	0.3	1.39
    -0.91939509	1.287777	0.3	1.4
    -0.91441546	1.2861816	0.3	1.41
    -0.92361723	1.3119313	0.3	1.42
    -0.92665756	1.3263556	0.3	1.43
    -0.91549228	1.2782076	0.3	1.44
    -0.91648243	1.2799426	0.3	1.45
     -0.9151344	1.297625	0.3	1.46
    -0.91891562	1.2971849	0.3	1.47
    -0.91801585	1.3318038	0.3	1.48
     -0.9166602	1.2909583	0.3	1.49
     -1.1754712	2.0472373	0.4	1.01
     -1.1774039	2.0292256	0.4	1.02
     -1.1783346	2.0822285	0.4	1.03
     -1.1755799	2.012737	0.4	1.04
     -1.1727442	2.1158467	0.4	1.05
     -1.1757476	2.034928	0.4	1.06
      -1.172389	2.0157522	0.4	1.07
     -1.1779529	2.0893103	0.4	1.08
     -1.1860128	2.1084073	0.4	1.09
     -1.1783423	2.0494746	0.4	1.1
     -1.1808577	2.1332434	0.4	1.11
     -1.1766487	2.0272649	0.4	1.12
     -1.1789343	2.0801982	0.4	1.13
     -1.1873788	2.1260166	0.4	1.14
     -1.1731486	2.4857543	0.4	1.15
      -1.174599	2.0345343	0.4	1.16
     -1.1740027	2.0274873	0.4	1.17
     -1.1815063	2.1015043	0.4	1.18
     -1.1780761	2.0579034	0.4	1.19
     -1.1770973	2.0444657	0.4	1.2
     -1.1859548	2.1349571	0.4	1.21
     -1.1809408	2.0805433	0.4	1.22
     -1.1793183	2.0482257	0.4	1.23
     -1.1868509	2.0818961	0.4	1.24
      -1.187051	2.0918478	0.4	1.25
      -1.184873	2.1209964	0.4	1.26
     -1.1820727	2.0571749	0.4	1.27
     -1.1787702	2.0840691	0.4	1.28
     -1.1767774	2.0637655	0.4	1.29
     -1.1806376	2.0487136	0.4	1.3
     -1.1875777	2.0942674	0.4	1.31
     -1.1893248	2.0790987	0.4	1.32
     -1.1847566	2.1127418	0.4	1.33
     -1.1731123	2.0523982	0.4	1.34
     -1.1895391	2.1099228	0.4	1.35
     -1.1792899	2.0404073	0.4	1.36
     -1.1809126	2.0378446	0.4	1.37
     -1.1888311	2.1293118	0.4	1.38
     -1.1850205	2.1087417	0.4	1.39
     -1.1862128	2.1306122	0.4	1.4
     -1.1840989	2.1149676	0.4	1.41
     -1.1820188	2.0766643	0.4	1.42
     -1.1780417	2.0846301	0.4	1.43
     -1.1835592	2.0975742	0.4	1.44
      -1.182757	2.0943014	0.4	1.45
     -1.1736638	2.0317496	0.4	1.46
      -1.180056	2.0704599	0.4	1.47
      -1.186593	2.065688	0.4	1.48
     -1.1872156	2.0908717	0.4	1.49
     -1.4132703	2.898555	0.5	1.01
      -1.418643	2.8869911	0.5	1.02
     -1.4149392	2.8696465	0.5	1.03
     -1.4195799	2.9337973	0.5	1.04
     -1.4084109	2.8352472	0.5	1.05
     -1.4118043	3.0780176	0.5	1.06
     -1.4136163	2.8956616	0.5	1.07
     -1.4112796	2.8446951	0.5	1.08
     -1.4281875	2.9281742	0.5	1.09
     -1.4131798	2.8999302	0.5	1.1
     -1.4215944	2.9264395	0.5	1.11
     -1.4203968	2.9042017	0.5	1.12
     -1.4255314	3.0091498	0.5	1.13
     -1.4247009	2.9442757	0.5	1.14
      -1.416792	2.8808017	0.5	1.15
     -1.4133376	2.8900969	0.5	1.16
     -1.4227583	2.925056	0.5	1.17
     -1.4288664	3.0098924	0.5	1.18
     -1.4216601	3.0076929	0.5	1.19
      -1.421707	2.9857616	0.5	1.2
     -1.4217475	2.9072524	0.5	1.21
     -1.4194975	2.9839134	0.5	1.22
     -1.4213843	2.9277334	0.5	1.23
     -1.4229592	2.9854276	0.5	1.24
     -1.4326002	2.9660729	0.5	1.25
     -1.4285781	2.964226	0.5	1.26
     -1.4285228	3.0072358	0.5	1.27
     -1.4248346	2.9501395	0.5	1.28
     -1.4240996	2.9208893	0.5	1.29
     -1.4247188	2.9446307	0.5	1.3
     -1.4258774	3.0562554	0.5	1.31
     -1.4271898	3.0258282	0.5	1.32
     -1.4189716	2.9052467	0.5	1.33
     -1.4199543	2.9502266	0.5	1.34
     -1.4238157	3.2545561	0.5	1.35
     -1.4345799	2.961406	0.5	1.36
     -1.4279648	2.9593808	0.5	1.37
      -1.426584	3.0146986	0.5	1.38
      -1.425229	2.9342513	0.5	1.39
     -1.4283108	3.0166867	0.5	1.4
     -1.4320137	3.1612714	0.5	1.41
     -1.4247868	3.0546012	0.5	1.42
     -1.4250587	2.9791937	0.5	1.43
       -1.42243	2.9493422	0.5	1.44
     -1.4311867	2.9472642	0.5	1.45
      -1.423852	3.0399362	0.5	1.46
     -1.4243913	2.9772225	0.5	1.47
     -1.4243183	2.9155235	0.5	1.48
     -1.4271826	2.9758211	0.5	1.49
     -1.6351869	3.7325296	0.6	1.01
     -1.6385263	3.7589468	0.6	1.02
     -1.6467389	3.8337024	0.6	1.03
     -1.6406994	3.8375745	0.6	1.04
     -1.6401487	3.7848135	0.6	1.05
     -1.6398181	3.9078517	0.6	1.06
     -1.6462729	3.8287131	0.6	1.07
     -1.6350816	3.779892	0.6	1.08
     -1.6368611	3.8144342	0.6	1.09
      -1.644884	3.8785065	0.6	1.1
      -1.647466	3.8133192	0.6	1.11
     -1.6430512	3.9049506	0.6	1.12
     -1.6408226	3.8251177	0.6	1.13
     -1.6347181	3.7886609	0.6	1.14
     -1.6491425	3.9013795	0.6	1.15
     -1.6473274	3.7738656	0.6	1.16
     -1.6417099	3.8296685	0.6	1.17
     -1.6495987	3.8629591	0.6	1.18
     -1.6474614	3.7971964	0.6	1.19
     -1.6352196	3.7445872	0.6	1.2
     -1.6463423	3.8768379	0.6	1.21
     -1.6441519	3.8203297	0.6	1.22
     -1.6435223	3.8185524	0.6	1.23
     -1.6411073	3.7694014	0.6	1.24
     -1.6497206	3.839115	0.6	1.25
     -1.6393909	3.8595958	0.6	1.26
     -1.6541187	3.9131022	0.6	1.27
     -1.6585666	5.5506325	0.6	1.28
     -1.6465794	3.8402793	0.6	1.29
     -1.6475731	3.8601976	0.6	1.3
     -1.6448752	3.8562679	0.6	1.31
      -1.647129	3.8233897	0.6	1.32
     -1.6528294	3.8559711	0.6	1.33
     -1.6509974	3.9139941	0.6	1.34
     -1.6501589	3.8557158	0.6	1.35
     -1.6519384	3.8935779	0.6	1.36
     -1.6443301	3.8068237	0.6	1.37
      -1.653419	3.8854178	0.6	1.38
     -1.6481752	3.8751893	0.6	1.39
     -1.6433609	3.8055747	0.6	1.4
      -1.642269	3.77013	0.6	1.41
     -1.6424761	3.7947833	0.6	1.42
     -1.6540937	3.8501053	0.6	1.43
     -1.6423818	3.8560828	0.6	1.44
     -1.6505543	3.8228646	0.6	1.45
     -1.6564969	3.9329267	0.6	1.46
     -1.6398673	3.7750231	0.6	1.47
     -1.6446505	3.8499176	0.6	1.48
     -1.6429064	3.8518708	0.6	1.49
       -1.83654	4.6484891	0.7	1.01
     -1.8364131	4.5859381	0.7	1.02
     -1.8298037	4.6954813	0.7	1.03
     -1.8476323	4.67693	0.7	1.04
     -1.8410535	4.6322496	0.7	1.05
     -1.8484046	4.7597627	0.7	1.06
     -1.8429162	4.6553111	0.7	1.07
      -1.834408	4.6220465	0.7	1.08
     -1.8457911	4.766555	0.7	1.09
      -1.840764	4.6758444	0.7	1.1
     -1.8382263	4.7160344	0.7	1.11
     -1.8459915	4.6816884	0.7	1.12
     -1.8390071	4.7185864	0.7	1.13
     -1.8516928	4.7833767	0.7	1.14
     -1.8448413	4.73362	0.7	1.15
     -1.8449609	4.7842961	0.7	1.16
      -1.841805	4.620377	0.7	1.17
     -1.8469626	4.6711645	0.7	1.18
     -1.8515816	5.2014566	0.7	1.19
     -1.8488508	4.7174899	0.7	1.2
     -1.8498806	4.7938334	0.7	1.21
     -1.8449119	4.6523772	0.7	1.22
     -1.8400099	4.5997356	0.7	1.23
     -1.8522483	4.7757189	0.7	1.24
     -1.8495288	4.7449496	0.7	1.25
     -1.8519088	4.947705	0.7	1.26
     -1.8502738	4.6553734	0.7	1.27
     -1.8457223	4.6389503	0.7	1.28
     -1.8563841	4.7054588	0.7	1.29
     -1.8453978	4.6473552	0.7	1.3
     -1.8462694	4.7415726	0.7	1.31
     -1.8498892	4.7338243	0.7	1.32
     -1.8496452	4.6395967	0.7	1.33
     -1.8459774	4.7623941	0.7	1.34
     -1.8520752	4.7185531	0.7	1.35
      -1.847112	4.7214714	0.7	1.36
     -1.8583081	4.8063496	0.7	1.37
     -1.8585719	4.8181845	0.7	1.38
     -1.8538181	4.906727	0.7	1.39
     -1.8514454	4.7104159	0.7	1.4
     -1.8608799	4.9080179	0.7	1.41
     -1.8578308	4.7157933	0.7	1.42
     -1.8544686	4.7628427	0.7	1.43
     -1.8463341	4.745641	0.7	1.44
     -1.8589381	4.7378452	0.7	1.45
     -1.8473364	4.7110354	0.7	1.46
     -1.8573107	4.8540972	0.7	1.47
     -1.8561675	4.6932419	0.7	1.48
     -1.8541461	4.7495907	0.7	1.49
     -2.0249596	5.5150509	0.8	1.01
     -2.0278517	5.5706144	0.8	1.02
     -2.0264121	5.490467	0.8	1.03
     -2.0200863	5.51449	0.8	1.04
     -2.0255764	5.571075	0.8	1.05
     -2.0254683	5.4329115	0.8	1.06
     -2.0184853	5.4703534	0.8	1.07
     -2.0210218	5.4215461	0.8	1.08
     -2.0242773	5.521783	0.8	1.09
     -2.0231941	5.5072151	0.8	1.1
     -2.0204611	5.4440695	0.8	1.11
     -2.0218221	5.4533882	0.8	1.12
     -2.0205265	5.427139	0.8	1.13
     -2.0211357	5.3688229	0.8	1.14
     -2.0288725	5.509736	0.8	1.15
     -2.0295402	5.5505474	0.8	1.16
     -2.0330716	5.6049337	0.8	1.17
      -2.028573	5.479494	0.8	1.18
     -2.0389901	5.67188	0.8	1.19
     -2.0340048	5.5192856	0.8	1.2
     -2.0343063	5.6051552	0.8	1.21
     -2.0398862	5.5593699	0.8	1.22
     -2.0269623	5.4487263	0.8	1.23
     -2.0324857	5.5337708	0.8	1.24
     -2.0335123	5.5091727	0.8	1.25
     -2.0297768	5.6552147	0.8	1.26
     -2.0286672	5.6700464	0.8	1.27
     -2.0312954	5.5506137	0.8	1.28
     -2.0412327	5.631173	0.8	1.29
     -2.0334831	5.517769	0.8	1.3
     -2.0349173	5.5857494	0.8	1.31
      -2.035651	5.6291522	0.8	1.32
      -2.034313	5.5613023	0.8	1.33
     -2.0378566	5.65181	0.8	1.34
     -2.0357343	5.5422036	0.8	1.35
     -2.0400673	5.5426858	0.8	1.36
      -2.036722	5.5357553	0.8	1.37
     -2.0385984	5.6834403	0.8	1.38
     -2.0422449	6.061822	0.8	1.39
     -2.0354054	5.588807	0.8	1.4
     -2.0322917	5.5232167	0.8	1.41
     -2.0395024	5.5619009	0.8	1.42
     -2.0332921	5.520119	0.8	1.43
     -2.0426351	5.901671	0.8	1.44
      -2.032436	5.4935881	0.8	1.45
     -2.0414753	5.5143587	0.8	1.46
     -2.0407567	5.5566433	0.8	1.47
     -2.0424692	5.5784429	0.8	1.48
     -2.0390797	5.5897803	0.8	1.49
     -2.1845954	6.2221778	0.9	1.01
     -2.1815844	6.103105	0.9	1.02
     -2.1863807	6.5219461	0.9	1.03
     -2.1834812	6.3037187	0.9	1.04
     -2.1893321	6.3247247	0.9	1.05
     -2.1906496	6.2900789	0.9	1.06
     -2.1906752	6.2995767	0.9	1.07
     -2.1987332	6.3416886	0.9	1.08
      -2.191668	6.2966322	0.9	1.09
     -2.1870419	6.2016952	0.9	1.1
     -2.1976218	6.2641881	0.9	1.11
     -2.1886326	6.7313051	0.9	1.12
     -2.1910034	6.2204913	0.9	1.13
     -2.1912669	6.273597	0.9	1.14
      -2.194965	6.3017963	0.9	1.15
     -2.1951486	6.2268902	0.9	1.16
     -2.1914753	6.2883563	0.9	1.17
     -2.1926321	6.8069527	0.9	1.18
     -2.1964638	6.3131888	0.9	1.19
      -2.198109	6.2505872	0.9	1.2
     -2.1973101	6.2557039	0.9	1.21
     -2.1999034	6.2799813	0.9	1.22
     -2.2005626	6.4528856	0.9	1.23
     -2.1913072	6.8781912	0.9	1.24
     -2.1979353	6.2255671	0.9	1.25
     -2.1960026	6.2661868	0.9	1.26
     -2.2017452	6.3588155	0.9	1.27
     -2.2007277	6.3247151	0.9	1.28
     -2.1886812	6.1716956	0.9	1.29
     -2.2047422	6.3241249	0.9	1.3
     -2.2002783	6.3172957	0.9	1.31
     -2.2024516	6.3788169	0.9	1.32
     -2.2029522	6.2974812	0.9	1.33
     -2.2104563	6.5558346	0.9	1.34
     -2.2031364	6.5112006	0.9	1.35
     -2.2098059	6.4726701	0.9	1.36
      -2.196868	6.316283	0.9	1.37
     -2.2023727	6.3289195	0.9	1.38
     -2.2051519	6.4212198	0.9	1.39
     -2.2009472	6.3397494	0.9	1.4
     -2.2041292	6.2777861	0.9	1.41
     -2.2058489	6.4244885	0.9	1.42
      -2.200436	6.2560104	0.9	1.43
     -2.2034073	6.3600369	0.9	1.44
     -2.2084782	6.3672996	0.9	1.45
     -2.2050596	6.4778023	0.9	1.46
     -2.2052361	6.413723	0.9	1.47
     -2.2074356	6.4178111	0.9	1.48
     -2.2071649	6.2744411	0.9	1.49
     -2.3291921	6.814171	1	1.01
     -2.3372934	6.9718281	1	1.02
      -2.341463	6.9216847	1	1.03
     -2.3355448	6.8686799	1	1.04
     -2.3373552	7.0539211	1	1.05
      -2.330985	6.8589904	1	1.06
      -2.335179	6.8652131	1	1.07
     -2.3384014	6.918548	1	1.08
     -2.3324257	6.7534095	1	1.09
     -2.3374672	7.1319582	1	1.1
     -2.3429793	7.0587798	1	1.11
     -2.3420275	6.9681024	1	1.12
     -2.3486003	7.0783158	1	1.13
     -2.3343044	6.9830771	1	1.14
     -2.3439946	7.01806	1	1.15
     -2.3375702	6.8886936	1	1.16
     -2.3485439	7.0218172	1	1.17
     -2.3450638	7.1259026	1	1.18
     -2.3545423	19.843599	1	1.19
     -2.3411495	6.9176772	1	1.2
     -2.3444702	6.9806646	1	1.21
     -2.3560078	7.1482812	1	1.22
     -2.3495323	7.153567	1	1.23
     -2.3396148	6.9907034	1	1.24
     -2.3469676	7.0532918	1	1.25
     -2.3465619	6.9158531	1	1.26
     -2.3456981	7.0655361	1	1.27
     -2.3511593	7.2091442	1	1.28
     -2.3458165	7.0050442	1	1.29
     -2.3452095	7.0174079	1	1.3
      -2.343681	6.8561382	1	1.31
     -2.3438232	6.9636863	1	1.32
     -2.3481929	6.9913471	1	1.33
     -2.3425898	6.9719939	1	1.34
     -2.3452076	6.9106797	1	1.35
     -2.3505568	7.0668039	1	1.36
     -2.3504613	7.1624096	1	1.37
     -2.3525685	7.4278135	1	1.38
      -2.345889	6.9460504	1	1.39
     -2.3494622	6.9389281	1	1.4
     -2.3511596	7.0068795	1	1.41
      -2.346759	6.9583589	1	1.42
     -2.3495272	7.0049226	1	1.43
     -2.3552912	7.0006502	1	1.44
     -2.3568403	7.0689445	1	1.45
     -2.3520782	7.0094757	1	1.46
     -2.3562447	7.1642405	1	1.47
     -2.3545188	7.1353981	1	1.48
     -2.3514416	7.0735944	1	1.49
      -2.469999	7.6103745	1.1	1.01
     -2.4560114	7.3619615	1.1	1.02
     -2.4690093	8.2939627	1.1	1.03
     -2.4728631	7.5708406	1.1	1.04
     -2.4589886	7.4276178	1.1	1.05
     -2.4672482	7.6139768	1.1	1.06
     -2.4602966	7.3920534	1.1	1.07
     -2.4721821	7.5579094	1.1	1.08
      -2.465095	7.4443165	1.1	1.09
     -2.4656817	7.4860595	1.1	1.1
     -2.4752615	8.1415181	1.1	1.11
     -2.4671995	7.4798402	1.1	1.12
     -2.4706933	7.5429732	1.1	1.13
     -2.4682519	7.569743	1.1	1.14
      -2.464477	7.5406156	1.1	1.15
     -2.4753238	7.6597099	1.1	1.16
     -2.4680401	7.450638	1.1	1.17
     -2.4709585	7.8807881	1.1	1.18
     -2.4665344	7.5691134	1.1	1.19
     -2.4763748	7.661305	1.1	1.2
     -2.4694714	7.4315184	1.1	1.21
     -2.4730323	7.6080884	1.1	1.22
     -2.4745065	7.5958502	1.1	1.23
     -2.4794217	7.6658765	1.1	1.24
     -2.4757348	7.557644	1.1	1.25
     -2.4784576	7.5529748	1.1	1.26
     -2.4825576	7.7189943	1.1	1.27
     -2.4785329	7.5997012	1.1	1.28
     -2.4753199	7.4999961	1.1	1.29
     -2.4797502	7.5989484	1.1	1.3
     -2.4782628	7.5681221	1.1	1.31
     -2.4753144	7.5662858	1.1	1.32
     -2.4792456	7.6650469	1.1	1.33
      -2.475624	7.5427346	1.1	1.34
      -2.476098	8.0136067	1.1	1.35
     -2.4799616	7.7115099	1.1	1.36
     -2.4792419	7.5654718	1.1	1.37
      -2.482845	7.6002011	1.1	1.38
     -2.4776814	7.5092836	1.1	1.39
     -2.4785585	7.4910906	1.1	1.4
     -2.4755852	7.5235807	1.1	1.41
     -2.4760287	7.5359508	1.1	1.42
     -2.4821507	7.5403107	1.1	1.43
     -2.4767343	7.4831983	1.1	1.44
     -2.4799959	7.6162162	1.1	1.45
     -2.4810648	7.6065257	1.1	1.46
     -2.4905774	7.824077	1.1	1.47
     -2.4799303	7.6567015	1.1	1.48
     -2.4835577	7.5651561	1.1	1.49
      -2.574083	8.0896065	1.2	1.01
     -2.5756554	7.8284212	1.2	1.02
     -2.5796924	7.9762141	1.2	1.03
     -2.5799797	8.1306717	1.2	1.04
     -2.5756464	7.8264296	1.2	1.05
     -2.5784682	7.8675093	1.2	1.06
     -2.5814394	8.0392924	1.2	1.07
      -2.582184	7.990994	1.2	1.08
     -2.5840871	8.138993	1.2	1.09
     -2.5824109	8.0103017	1.2	1.1
     -2.5848748	8.0657706	1.2	1.11
     -2.5764129	8.0093188	1.2	1.12
     -2.5834838	7.9719315	1.2	1.13
     -2.5824578	7.9728388	1.2	1.14
     -2.5794453	7.9960866	1.2	1.15
     -2.5843633	8.4664162	1.2	1.16
     -2.5900343	8.1593465	1.2	1.17
     -2.5860348	8.1251457	1.2	1.18
     -2.5848788	8.0381538	1.2	1.19
     -2.5847856	7.9538905	1.2	1.2
      -2.587233	8.0074572	1.2	1.21
     -2.5903792	8.1627095	1.2	1.22
     -2.5843448	8.0788805	1.2	1.23
     -2.5848873	7.9579529	1.2	1.24
     -2.5912866	8.1614232	1.2	1.25
     -2.5916608	8.0654739	1.2	1.26
     -2.5830881	8.0164514	1.2	1.27
      -2.583577	7.9661282	1.2	1.28
     -2.5916137	8.1155727	1.2	1.29
     -2.5919051	8.2826142	1.2	1.3
     -2.5838778	7.9782133	1.2	1.31
     -2.5804466	7.8825376	1.2	1.32
     -2.5901576	8.0549024	1.2	1.33
     -2.5900315	7.968608	1.2	1.34
     -2.5842406	8.0500989	1.2	1.35
       -2.59225	7.9620669	1.2	1.36
     -2.5904088	8.0858137	1.2	1.37
     -2.5924403	8.0911582	1.2	1.38
      -2.590238	8.0524492	1.2	1.39
     -2.5872014	7.9667947	1.2	1.4
     -2.5917698	8.0154362	1.2	1.41
     -2.5920757	7.9780372	1.2	1.42
     -2.5904371	8.029012	1.2	1.43
      -2.586563	7.8950877	1.2	1.44
     -2.5990974	8.1087424	1.2	1.45
     -2.5887205	8.1024934	1.2	1.46
     -2.5988212	8.3260752	1.2	1.47
     -2.5954181	8.0477643	1.2	1.48
     -2.5897455	7.9805037	1.2	1.49
     -2.6729978	8.3453618	1.3	1.01
     -2.6779385	8.4422677	1.3	1.02
      -2.671602	8.2670056	1.3	1.03
     -2.6743093	8.2590186	1.3	1.04
     -2.6749639	8.2686441	1.3	1.05
     -2.6752052	8.308244	1.3	1.06
     -2.6748585	8.3233904	1.3	1.07
     -2.6744911	8.4729823	1.3	1.08
     -2.6746426	8.2765311	1.3	1.09
     -2.6739996	8.539407	1.3	1.1
     -2.6710255	8.2684579	1.3	1.11
     -2.6738819	8.2176199	1.3	1.12
      -2.680497	8.663448	1.3	1.13
     -2.6752648	8.2174503	1.3	1.14
     -2.6755682	8.2462442	1.3	1.15
     -2.6802154	8.3209751	1.3	1.16
     -2.6794363	8.3443912	1.3	1.17
     -2.6798663	8.306104	1.3	1.18
     -2.6851547	8.4844957	1.3	1.19
     -2.6785407	8.318628	1.3	1.2
     -2.6850603	8.6337525	1.3	1.21
     -2.6815904	8.3210562	1.3	1.22
     -2.6877497	8.4937122	1.3	1.23
     -2.6754235	8.3002413	1.3	1.24
     -2.6891428	8.4638711	1.3	1.25
     -2.6807406	8.359067	1.3	1.26
     -2.6847502	8.3849714	1.3	1.27
     -2.6811539	8.3482112	1.3	1.28
     -2.6836169	8.3756368	1.3	1.29
     -2.6781285	8.2918722	1.3	1.3
     -2.6842087	8.4067257	1.3	1.31
     -2.6790011	8.243878	1.3	1.32
     -2.6846666	8.4222379	1.3	1.33
     -2.6872416	8.4829239	1.3	1.34
     -2.6858007	8.4449113	1.3	1.35
     -2.6856947	8.3299252	1.3	1.36
     -2.6838316	8.3318107	1.3	1.37
     -2.6854819	8.4337434	1.3	1.38
     -2.6890736	8.4867313	1.3	1.39
     -2.6853814	8.4509151	1.3	1.4
     -2.6885074	8.4644715	1.3	1.41
     -2.6894862	8.4545339	1.3	1.42
     -2.6891386	8.606488	1.3	1.43
     -2.6817521	8.3759302	1.3	1.44
     -2.6842429	8.3590421	1.3	1.45
     -2.6871591	8.3488213	1.3	1.46
      -2.686716	8.3435861	1.3	1.47
     -2.6846866	8.4105073	1.3	1.48
     -2.6841155	8.3180966	1.3	1.49
     -2.7521686	8.5213634	1.4	1.01
     -2.7490707	8.5187886	1.4	1.02
     -2.7534284	8.6549704	1.4	1.03
     -2.7499276	8.6053096	1.4	1.04
     -2.7504326	8.5025154	1.4	1.05
     -2.7521377	8.6735899	1.4	1.06
     -2.7503586	8.5720058	1.4	1.07
     -2.7548974	8.6895613	1.4	1.08
     -2.7524197	8.5554086	1.4	1.09
     -2.7535572	8.5672694	1.4	1.1
     -2.7530804	8.517316	1.4	1.11
     -2.7493807	8.4460415	1.4	1.12
     -2.7552647	8.564736	1.4	1.13
     -2.7543538	8.5351365	1.4	1.14
     -2.7560769	8.7016655	1.4	1.15
      -2.756039	8.5344189	1.4	1.16
     -2.7629145	8.6438977	1.4	1.17
     -2.7515821	8.4942947	1.4	1.18
     -2.7580857	8.6499358	1.4	1.19
     -2.7582995	8.7418461	1.4	1.2
     -2.7589452	8.5539715	1.4	1.21
     -2.7610522	8.7721094	1.4	1.22
     -2.7562222	8.549843	1.4	1.23
     -2.7544692	8.6800896	1.4	1.24
     -2.7586885	8.5694788	1.4	1.25
       -2.75762	8.6017157	1.4	1.26
     -2.7613218	8.564145	1.4	1.27
     -2.7606455	8.7062723	1.4	1.28
     -2.7580124	8.5483186	1.4	1.29
     -2.7582781	8.5546346	1.4	1.3
     -2.7594755	8.5558887	1.4	1.31
     -2.7609972	8.6432693	1.4	1.32
     -2.7594952	8.5587097	1.4	1.33
      -2.764414	8.6091782	1.4	1.34
     -2.7571092	8.5720858	1.4	1.35
     -2.7608337	8.5752572	1.4	1.36
     -2.7569173	8.5871376	1.4	1.37
     -2.7574255	8.5494724	1.4	1.38
     -2.7592839	8.6323539	1.4	1.39
     -2.7574602	8.5851709	1.4	1.4
     -2.7627576	8.587826	1.4	1.41
     -2.7617747	8.6051265	1.4	1.42
     -2.7558002	8.5816693	1.4	1.43
     -2.7605841	8.6050482	1.4	1.44
     -2.7604206	8.6155432	1.4	1.45
     -2.7644277	8.7254062	1.4	1.46
     -2.7628241	8.5973152	1.4	1.47
     -2.7668589	8.6344466	1.4	1.48
     -2.7654052	8.633225	1.4	1.49
     -2.8079637	8.5415672	1.5	1.01
     -2.8105527	8.6225189	1.5	1.02
     -2.8119013	8.7804857	1.5	1.03
     -2.8085732	8.6999401	1.5	1.04
     -2.8119667	8.6420074	1.5	1.05
     -2.8155267	8.6825314	1.5	1.06
       -2.81645	8.7095361	1.5	1.07
     -2.8135548	8.6196662	1.5	1.08
     -2.8152516	8.6761959	1.5	1.09
     -2.8144583	8.6523954	1.5	1.1
     -2.8162637	8.6799481	1.5	1.11
     -2.8160477	8.6952253	1.5	1.12
     -2.8171144	8.6928979	1.5	1.13
     -2.8067058	8.5199844	1.5	1.14
     -2.8110138	8.5878731	1.5	1.15
     -2.8197844	8.8002377	1.5	1.16
      -2.814145	8.6215385	1.5	1.17
     -2.8136975	8.6282023	1.5	1.18
      -2.816036	8.694518	1.5	1.19
     -2.8173025	8.6746688	1.5	1.2
      -2.814522	8.6953575	1.5	1.21
     -2.8146207	8.6332894	1.5	1.22
     -2.8159157	8.6946508	1.5	1.23
     -2.8170048	8.8707405	1.5	1.24
     -2.8167033	8.7028486	1.5	1.25
      -2.818161	8.6976367	1.5	1.26
     -2.8184548	8.6564452	1.5	1.27
     -2.8167303	8.8268365	1.5	1.28
     -2.8187149	8.6886001	1.5	1.29
     -2.8219051	8.6926912	1.5	1.3
     -2.8170968	8.7336624	1.5	1.31
     -2.8211248	8.7033871	1.5	1.32
     -2.8166427	8.6729506	1.5	1.33
     -2.8185041	8.7471538	1.5	1.34
     -2.8191682	8.6709465	1.5	1.35
     -2.8143398	8.6573963	1.5	1.36
     -2.8211594	8.7732085	1.5	1.37
     -2.8237067	8.8631754	1.5	1.38
     -2.8151327	8.6723868	1.5	1.39
     -2.8203587	8.8062958	1.5	1.4
     -2.8194012	8.733315	1.5	1.41
      -2.819109	8.7618426	1.5	1.42
      -2.820471	8.6966403	1.5	1.43
     -2.8169821	8.6688196	1.5	1.44
     -2.8203847	8.710496	1.5	1.45
     -2.8173638	8.7340245	1.5	1.46
     -2.8256089	9.4827255	1.5	1.47
     -2.8217388	8.7253793	1.5	1.48
     -2.8242036	8.8178895	1.5	1.49
     -2.8587931	8.7085475	1.6	1.01
     -2.8551979	8.7023192	1.6	1.02
     -2.8573812	8.6950843	1.6	1.03
     -2.8627054	9.7433105	1.6	1.04
      -2.855807	8.689689	1.6	1.05
     -2.8593977	8.7224451	1.6	1.06
     -2.8558265	8.7014121	1.6	1.07
     -2.8546911	8.6470121	1.6	1.08
     -2.8622102	8.766808	1.6	1.09
     -2.8582137	8.7465143	1.6	1.1
     -2.8560414	8.6379449	1.6	1.11
     -2.8571342	8.7691907	1.6	1.12
     -2.8571893	8.7455026	1.6	1.13
     -2.8602957	8.7553274	1.6	1.14
     -2.8572654	8.6978508	1.6	1.15
     -2.8594254	8.7669163	1.6	1.16
      -2.857257	8.6852622	1.6	1.17
     -2.8527377	8.6484019	1.6	1.18
     -2.8583604	8.7123501	1.6	1.19
     -2.8660201	8.8151653	1.6	1.2
     -2.8588486	8.7170125	1.6	1.21
     -2.8591682	8.6883658	1.6	1.22
     -2.8590441	8.731947	1.6	1.23
     -2.8594187	8.7230636	1.6	1.24
     -2.8589783	8.707446	1.6	1.25
     -2.8583022	8.7108711	1.6	1.26
     -2.8539071	8.6485009	1.6	1.27
     -2.8556373	8.6735273	1.6	1.28
     -2.8618702	8.7617676	1.6	1.29
     -2.8580204	8.8206566	1.6	1.3
     -2.8559554	8.6647911	1.6	1.31
     -2.8633111	8.9313834	1.6	1.32
      -2.857535	8.7021214	1.6	1.33
     -2.8613884	8.7401283	1.6	1.34
     -2.8611647	8.7654797	1.6	1.35
     -2.8579136	8.7120343	1.6	1.36
     -2.8559776	8.7110984	1.6	1.37
     -2.8567557	8.6822523	1.6	1.38
     -2.8576785	8.8121196	1.6	1.39
     -2.8550056	8.6774655	1.6	1.4
     -2.8591641	8.7268996	1.6	1.41
     -2.8613965	8.7228762	1.6	1.42
     -2.8634274	8.7916882	1.6	1.43
     -2.8623988	8.7554957	1.6	1.44
      -2.861304	8.8040985	1.6	1.45
     -2.8583991	8.6685478	1.6	1.46
     -2.8598293	8.7229517	1.6	1.47
     -2.8608088	8.8142529	1.6	1.48
     -2.8594432	8.732873	1.6	1.49
     -2.8808474	8.6158774	1.7	1.01
     -2.8835394	8.6470777	1.7	1.02
     -2.8844357	8.6843116	1.7	1.03
     -2.8807161	8.6017501	1.7	1.04
     -2.8837807	8.643011	1.7	1.05
     -2.8836442	8.6421875	1.7	1.06
     -2.8858074	8.6818845	1.7	1.07
     -2.8837744	8.6688508	1.7	1.08
     -2.8864735	8.7090907	1.7	1.09
      -2.884045	8.6624924	1.7	1.1
     -2.8834878	8.6590829	1.7	1.11
     -2.8854305	8.678295	1.7	1.12
     -2.8852206	8.6748804	1.7	1.13
     -2.8825614	8.6261007	1.7	1.14
     -2.8856814	8.6706888	1.7	1.15
     -2.8846498	8.7227323	1.7	1.16
     -2.8860165	8.735561	1.7	1.17
      -2.882302	8.6388413	1.7	1.18
     -2.8847218	8.7721295	1.7	1.19
     -2.8813672	8.6427793	1.7	1.2
      -2.881307	8.7386028	1.7	1.21
     -2.8839611	8.6639519	1.7	1.22
     -2.8841236	8.675947	1.7	1.23
     -2.8832066	8.6547557	1.7	1.24
     -2.8863995	8.724059	1.7	1.25
     -2.8799836	8.6480148	1.7	1.26
      -2.885226	8.6995398	1.7	1.27
     -2.8822513	8.6784148	1.7	1.28
     -2.8828788	8.71523	1.7	1.29
      -2.881088	8.6454148	1.7	1.3
     -2.8805005	8.6368381	1.7	1.31
     -2.8809421	8.6557647	1.7	1.32
     -2.8820531	8.6597855	1.7	1.33
      -2.879322	8.621349	1.7	1.34
     -2.8832979	8.6731166	1.7	1.35
     -2.8809633	8.6208516	1.7	1.36
     -2.8823627	8.675176	1.7	1.37
     -2.8828709	8.6956742	1.7	1.38
     -2.8852831	8.7221264	1.7	1.39
     -2.8827803	8.7261057	1.7	1.4
     -2.8822386	8.6657053	1.7	1.41
     -2.8796736	8.6692966	1.7	1.42
     -2.8820265	8.6801685	1.7	1.43
     -2.8789926	8.6513116	1.7	1.44
      -2.882545	8.6895339	1.7	1.45
     -2.8858245	8.7093683	1.7	1.46
     -2.8838261	8.7325868	1.7	1.47
     -2.8851265	8.7380113	1.7	1.48
     -2.8829044	8.6986163	1.7	1.49
     -2.8933255	8.5646367	1.8	1.01
     -2.8922656	8.5588274	1.8	1.02
     -2.8924401	8.5625295	1.8	1.03
     -2.8962954	8.589606	1.8	1.04
     -2.8968802	8.5911465	1.8	1.05
     -2.8943804	8.5810847	1.8	1.06
     -2.8922861	8.5564219	1.8	1.07
     -2.8904607	8.5456323	1.8	1.08
     -2.8908718	8.5526508	1.8	1.09
     -2.8914491	8.5587484	1.8	1.1
      -2.890554	8.5474239	1.8	1.11
     -2.8946809	8.6029695	1.8	1.12
     -2.8903907	8.5607907	1.8	1.13
     -2.8926766	8.5942012	1.8	1.14
     -2.8906744	8.5711965	1.8	1.15
     -2.8921736	8.5890526	1.8	1.16
     -2.8913486	8.564842	1.8	1.17
     -2.8909888	8.5641158	1.8	1.18
     -2.8923884	8.5800332	1.8	1.19
     -2.8884707	8.5432664	1.8	1.2
      -2.888112	8.5649871	1.8	1.21
     -2.8891478	8.588894	1.8	1.22
     -2.8918079	8.5974307	1.8	1.23
      -2.889207	8.6043785	1.8	1.24
     -2.8896286	8.6023162	1.8	1.25
     -2.8879188	8.5411605	1.8	1.26
     -2.8897738	8.5726228	1.8	1.27
     -2.8897697	8.5700111	1.8	1.28
     -2.8889372	8.5912849	1.8	1.29
     -2.8874797	8.5540641	1.8	1.3
     -2.8904751	8.6055209	1.8	1.31
     -2.8858457	8.5411279	1.8	1.32
     -2.8897958	8.6945951	1.8	1.33
      -2.889653	8.5932481	1.8	1.34
     -2.8877179	8.5644627	1.8	1.35
     -2.8903769	8.6030928	1.8	1.36
     -2.8885814	8.5733341	1.8	1.37
     -2.8907514	8.5876574	1.8	1.38
      -2.886344	8.5665399	1.8	1.39
     -2.8870307	8.5623952	1.8	1.4
     -2.8884809	8.5730668	1.8	1.41
     -2.8856561	8.5651448	1.8	1.42
     -2.8885309	8.6141874	1.8	1.43
     -2.8868734	8.5754303	1.8	1.44
     -2.8872076	8.5788353	1.8	1.45
     -2.8869795	8.5722369	1.8	1.46
     -2.8823573	8.5404177	1.8	1.47
     -2.8839094	8.5573446	1.8	1.48
     -2.8852736	8.5809075	1.8	1.49
     -2.8880291	8.4795702	1.9	1.01
     -2.8863002	8.471525	1.9	1.02
     -2.8873157	8.4778211	1.9	1.03
       -2.88543	8.4567904	1.9	1.04
     -2.8863642	8.4786073	1.9	1.05
     -2.8846326	8.4598052	1.9	1.06
     -2.8845353	8.4611077	1.9	1.07
      -2.885923	8.4720823	1.9	1.08
     -2.8852998	8.4682002	1.9	1.09
     -2.8844467	8.4657671	1.9	1.1
      -2.883304	8.4573423	1.9	1.11
     -2.8803451	8.4412483	1.9	1.12
     -2.8825503	8.4601181	1.9	1.13
     -2.8812361	8.4507623	1.9	1.14
     -2.8805638	8.4445424	1.9	1.15
     -2.8799639	8.4428015	1.9	1.16
     -2.8801444	8.4516843	1.9	1.17
     -2.8822415	8.4665873	1.9	1.18
     -2.8821895	8.4594706	1.9	1.19
     -2.8776236	8.4431066	1.9	1.2
     -2.8797467	8.4469662	1.9	1.21
     -2.8798011	8.4595367	1.9	1.22
     -2.8789892	8.4472121	1.9	1.23
     -2.8779073	8.4449146	1.9	1.24
     -2.8791996	8.4521382	1.9	1.25
      -2.876475	8.4372129	1.9	1.26
     -2.8772236	8.453055	1.9	1.27
     -2.8778768	8.4492142	1.9	1.28
     -2.8775832	8.4597503	1.9	1.29
     -2.8757988	8.4425048	1.9	1.3
     -2.8753584	8.442497	1.9	1.31
     -2.8778917	8.4560154	1.9	1.32
     -2.8736685	8.4370999	1.9	1.33
     -2.8726433	8.423891	1.9	1.34
     -2.8710012	8.4188803	1.9	1.35
     -2.8731173	8.4344952	1.9	1.36
     -2.8737252	8.4350614	1.9	1.37
     -2.8729863	8.4353483	1.9	1.38
     -2.8731227	8.4383635	1.9	1.39
     -2.8728662	8.4439836	1.9	1.4
     -2.8718466	8.4285884	1.9	1.41
     -2.8719088	8.4337477	1.9	1.42
      -2.872215	8.4482675	1.9	1.43
     -2.8720954	8.4432843	1.9	1.44
     -2.8729566	8.4481897	1.9	1.45
     -2.8723854	8.4442054	1.9	1.46
     -2.8706988	8.4333405	1.9	1.47
     -2.8700476	8.4285624	1.9	1.48
     -2.8716051	8.4416926	1.9	1.49
     -2.8652973	8.3914538	2	1.01
     -2.8608106	8.3689931	2	1.02
     -2.8630583	8.3826664	2	1.03
     -2.8605199	8.3701278	2	1.04
     -2.8599252	8.3663391	2	1.05
     -2.8570447	8.3536309	2	1.06
     -2.8579202	8.3606267	2	1.07
     -2.8576162	8.3613051	2	1.08
     -2.8542323	8.3437012	2	1.09
     -2.8563189	8.3565904	2	1.1
     -2.8564631	8.3596542	2	1.11
     -2.8559379	8.3595736	2	1.12
      -2.855344	8.3561733	2	1.13
     -2.8555591	8.3605168	2	1.14
     -2.8542928	8.3540964	2	1.15
     -2.8517424	8.3432063	2	1.16
     -2.8525567	8.3492169	2	1.17
     -2.8558781	8.3690971	2	1.18
     -2.8523169	8.3504453	2	1.19
     -2.8496752	8.3391753	2	1.2
     -2.8509357	8.3471442	2	1.21
     -2.8495266	8.3417682	2	1.22
     -2.8491833	8.3415522	2	1.23
     -2.8517889	8.3561053	2	1.24
     -2.8486622	8.3407215	2	1.25
     -2.8480021	8.3395155	2	1.26
     -2.8445584	8.3247958	2	1.27
     -2.8459813	8.3326244	2	1.28
     -2.8453711	8.3296521	2	1.29
     -2.8474702	8.3450218	2	1.3
     -2.8451188	8.3323165	2	1.31
     -2.8481395	8.3496918	2	1.32
     -2.8459876	8.3404687	2	1.33
     -2.8453025	8.3379623	2	1.34
     -2.8422039	8.3222726	2	1.35
     -2.8427946	8.3287704	2	1.36
     -2.8412036	8.3207103	2	1.37
     -2.8411736	8.324877	2	1.38
     -2.8419632	8.3294317	2	1.39
     -2.8416153	8.3281112	2	1.4
     -2.8420862	8.3326437	2	1.41
     -2.8434366	8.3421066	2	1.42
     -2.8408256	8.3280163	2	1.43
     -2.8410207	8.3318474	2	1.44
     -2.8419219	8.3374752	2	1.45
     -2.8373071	8.3157376	2	1.46
     -2.8396046	8.3281526	2	1.47
     -2.8381566	8.3226965	2	1.48
     -2.8348275	8.3050243	2	1.49
     -2.8171327	8.3343759	2.1	1.01
     -2.8199149	8.3317175	2.1	1.02
     -2.8216729	8.3434312	2.1	1.03
     -2.8185552	8.3557301	2.1	1.04
     -2.8178145	8.3341161	2.1	1.05
     -2.8101867	8.3100306	2.1	1.06
     -2.8178125	8.3353227	2.1	1.07
     -2.8140443	8.325145	2.1	1.08
     -2.8110743	8.3111768	2.1	1.09
     -2.8163992	8.3378502	2.1	1.1
      -2.811131	8.3189217	2.1	1.11
     -2.8076616	8.3033071	2.1	1.12
     -2.8032932	8.2804478	2.1	1.13
     -2.8060665	8.3003783	2.1	1.14
     -2.8125428	8.3363531	2.1	1.15
     -2.8094377	8.3335522	2.1	1.16
     -2.8073476	8.3094578	2.1	1.17
     -2.8027781	8.2914659	2.1	1.18
     -2.8093273	8.3156613	2.1	1.19
     -2.8045164	8.3878481	2.1	1.2
     -2.8086392	8.31998	2.1	1.21
     -2.8061207	8.3096896	2.1	1.22
     -2.8005305	8.288259	2.1	1.23
     -2.7987638	8.2811538	2.1	1.24
     -2.7996518	8.2818813	2.1	1.25
      -2.801879	8.2973316	2.1	1.26
     -2.8000832	8.3073069	2.1	1.27
     -2.8004034	8.2986101	2.1	1.28
     -2.7995454	8.299536	2.1	1.29
     -2.7979953	8.2941357	2.1	1.3
      -2.793989	8.268098	2.1	1.31
     -2.7964935	8.2873635	2.1	1.32
     -2.7895609	8.2539464	2.1	1.33
     -2.7945852	8.2807242	2.1	1.34
     -2.7921307	8.2727772	2.1	1.35
     -2.7961241	8.2913242	2.1	1.36
     -2.7959518	8.3050129	2.1	1.37
      -2.792687	8.273059	2.1	1.38
     -2.7900375	8.2782792	2.1	1.39
     -2.7912221	8.285469	2.1	1.4
      -2.790127	8.2732408	2.1	1.41
     -2.7906153	8.2726436	2.1	1.42
     -2.7841336	8.2408315	2.1	1.43
     -2.7867232	8.2567055	2.1	1.44
     -2.7896355	8.2828784	2.1	1.45
      -2.788914	8.2851702	2.1	1.46
     -2.7915533	8.2837318	2.1	1.47
     -2.7861232	8.2627988	2.1	1.48
     -2.7888911	8.3101211	2.1	1.49
     -2.7630167	8.3960829	2.2	1.01
     -2.7546918	8.4458305	2.2	1.02
     -2.7572409	8.3915533	2.2	1.03
     -2.7560262	8.3767186	2.2	1.04
     -2.7507468	8.3699744	2.2	1.05
     -2.7480517	8.3951513	2.2	1.06
      -2.751689	8.3897561	2.2	1.07
     -2.7601841	8.4028057	2.2	1.08
     -2.7444967	8.3376255	2.2	1.09
     -2.7418878	8.353488	2.2	1.1
     -2.7405404	8.3669028	2.2	1.11
     -2.7467087	8.3803449	2.2	1.12
     -2.7437801	8.337174	2.2	1.13
     -2.7484553	8.3706167	2.2	1.14
     -2.7502921	8.408262	2.2	1.15
     -2.7363151	8.4249322	2.2	1.16
     -2.7456856	8.3867764	2.2	1.17
     -2.7386319	8.3508703	2.2	1.18
     -2.7383007	8.3842762	2.2	1.19
     -2.7388336	8.3693699	2.2	1.2
     -2.7428669	8.3790345	2.2	1.21
     -2.7450976	8.3761557	2.2	1.22
     -2.7349178	8.3940242	2.2	1.23
       -2.73777	8.3722622	2.2	1.24
     -2.7368045	8.382904	2.2	1.25
     -2.7231336	8.311911	2.2	1.26
     -2.7329473	8.3600939	2.2	1.27
     -2.7270136	8.3155086	2.2	1.28
     -2.7394036	8.426844	2.2	1.29
     -2.7274934	8.3088409	2.2	1.3
      -2.729352	8.3317067	2.2	1.31
     -2.7265337	8.357725	2.2	1.32
     -2.7207705	8.3282029	2.2	1.33
     -2.7211778	8.304832	2.2	1.34
     -2.7275653	8.3240761	2.2	1.35
     -2.7255757	8.3304855	2.2	1.36
     -2.7250285	8.3337293	2.2	1.37
      -2.725558	8.3241541	2.2	1.38
     -2.7227704	8.3473322	2.2	1.39
     -2.7189553	8.3279542	2.2	1.4
     -2.7202515	8.3175204	2.2	1.41
     -2.7210791	8.3313819	2.2	1.42
      -2.721781	8.3336577	2.2	1.43
     -2.7201404	8.341639	2.2	1.44
     -2.7228572	8.3270798	2.2	1.45
     -2.7190099	8.4292958	2.2	1.46
     -2.7222584	8.3494071	2.2	1.47
     -2.7227122	8.3616579	2.2	1.48
     -2.7078838	8.3057552	2.2	1.49
     -2.6753236	8.5861083	2.3	1.01
     -2.6778655	8.7244552	2.3	1.02
     -2.6781377	8.6468612	2.3	1.03
     -2.6767813	8.5546046	2.3	1.04
     -2.6786096	8.6389943	2.3	1.05
     -2.6781836	8.5909458	2.3	1.06
      -2.671755	8.5649239	2.3	1.07
     -2.6743245	8.5572204	2.3	1.08
     -2.6666426	8.6518386	2.3	1.09
     -2.6701324	8.5475001	2.3	1.1
     -2.6666755	8.6252428	2.3	1.11
      -2.671744	8.5795716	2.3	1.12
      -2.668409	8.6294137	2.3	1.13
     -2.6621127	8.6146967	2.3	1.14
       -2.66454	8.5764817	2.3	1.15
     -2.6591179	8.5804915	2.3	1.16
     -2.6561594	8.5580546	2.3	1.17
     -2.6641884	8.5537523	2.3	1.18
     -2.6560646	8.6260209	2.3	1.19
     -2.6657913	8.611005	2.3	1.2
     -2.6536757	8.5062347	2.3	1.21
     -2.6513635	8.5176754	2.3	1.22
     -2.6568903	8.5988211	2.3	1.23
     -2.6491948	8.5312934	2.3	1.24
     -2.6584436	8.5565246	2.3	1.25
     -2.6413939	8.5990379	2.3	1.26
     -2.6536251	8.5524034	2.3	1.27
     -2.6577751	8.5637181	2.3	1.28
     -2.6437438	8.5825806	2.3	1.29
     -2.6461081	8.5794958	2.3	1.3
     -2.6373877	8.5916688	2.3	1.31
     -2.6575668	8.6697089	2.3	1.32
     -2.6452581	8.5481104	2.3	1.33
     -2.6415048	8.7583319	2.3	1.34
     -2.6399618	8.6014294	2.3	1.35
      -2.629874	8.6037379	2.3	1.36
     -2.6386596	8.5605319	2.3	1.37
     -2.6419095	8.5896005	2.3	1.38
     -2.6399532	8.5089893	2.3	1.39
     -2.6372157	8.5392537	2.3	1.4
     -2.6394396	8.5294847	2.3	1.41
     -2.6342915	8.6020314	2.3	1.42
     -2.6392146	8.567447	2.3	1.43
     -2.6354137	8.5689372	2.3	1.44
     -2.6370559	8.565749	2.3	1.45
     -2.6317643	8.653625	2.3	1.46
     -2.6298249	8.5142281	2.3	1.47
     -2.6291293	8.5774026	2.3	1.48
     -2.6239296	8.5936066	2.3	1.49
