     -2.5615189      6.9089459   0.0018643149          1.843              0      1.6443992          0.005         100000
     -2.8230289      8.4729755   0.0022438432          1.843              5      1.1714633          0.005         100000
      -2.832668      8.3564281   0.0018232394          1.843            2.5      1.1963067          0.005         100000
     -2.8239255      8.2039042   0.0015144277          1.843           1.25      1.1905522          0.005         100000
     -2.8569735      8.3174532   0.0012456141          1.843          0.625      1.2896658          0.005         100000
     -2.8179748      8.0709248   0.0011399256          1.843         0.3125      1.4144827          0.005         100000
     -2.8437308      8.2183862   0.0011470893          1.843        0.46875      1.3275232          0.005         100000
      -2.844703      8.2262308   0.0011571335          1.843       0.546875       1.277885          0.005         100000
     -2.8339815      8.2121382      0.0013442          1.843      0.5078125      1.3044373          0.005         100000
     -2.8516446      8.2632794   0.0011463104          1.843     0.48828125       1.358489          0.005         100000
