    -0.63790803	0.63397869	0.2	0
    -0.92152524	1.2904082	0.3	0
     -1.1862463	2.1331612	0.4	0
     -1.4381981	3.0339274	0.5	0
     -1.6650376	4.063389	0.6	0
     -1.8750965	4.9649879	0.7	0
     -2.0568735	5.898939	0.8	0
     -2.2257495	6.6340857	0.9	0
     -2.3746578	7.3635532	1	0
     -2.5017535	8.0012494	1.1	0
     -2.6058705	8.4160548	1.2	0
     -2.6954563	8.6524759	1.3	0
     -2.7605352	8.8796755	1.4	0
     -2.8148086	9.100377	1.5	0
     -2.8427904	9.1116808	1.6	0
     -2.8451939	8.9543252	1.7	0
     -2.8335522	8.9139981	1.8	0
       -2.80371	8.7576425	1.9	0
     -2.7526626	8.669984	2	0
     -2.6761904	8.7085464	2.1	0
     -2.5908839	8.9882343	2.2	0
     -2.4883475	9.1356462	2.3	0
