     -3.0587257      11.010716      1.6549136           1.65              0      0.6574292          0.005            100
     -2.8174234      8.9015861      0.9637113           1.65              0      1.3172375          0.005         100100
     -2.8632393      9.0670974     0.86895792           1.65              0       1.347512          0.005         200100
     -2.8409799      9.1161219      1.0449549           1.65              0      1.2846554          0.005         300100
     -2.8488049      9.0476323     0.93194319           1.65              0      1.3691213          0.005         400100
     -2.8512402      9.0784418     0.94887112           1.65              0      1.2940863          0.005         500100
     -2.8595198      9.0747442     0.89789081           1.65              0       1.343369          0.005         600100
     -2.8471553      9.1818073      1.0755142           1.65              0       1.312368          0.005         700100
     -2.8520119      9.0856049     0.95163281           1.65              0      1.3446596          0.005         800100
     -2.8391428      8.9707789     0.91004684           1.65              0      1.3160295          0.005         900100
     -2.8442769      9.1035045      1.0135932           1.65              0      1.3272397          0.005        1000100
     -2.8454047      9.0278134     0.93148541           1.65              0      1.3304369          0.005        1100100
      -2.837742      8.9695432      0.9167638           1.65              0      1.3218087          0.005        1200100
     -2.8494536      9.0554765     0.93609085           1.65              0      1.3366913          0.005        1300100
     -2.8530791      9.0447586     0.90469796           1.65              0      1.3278868          0.005        1400100
     -2.8417821      8.9840885     0.90836311           1.65              0      1.3272341          0.005        1500100
     -2.8391757      8.9828213     0.92190267           1.65              0      1.3239463          0.005        1600100
     -2.8433682      9.0182877     0.93354494           1.65              0      1.3331896          0.005        1700100
     -2.8406695      8.9847252     0.91532221           1.65              0      1.3264812          0.005        1800100
     -2.8445456      9.0213901     0.92995044           1.65              0      1.3252741          0.005        1900100
       -2.85146        9.04174     0.91091576           1.65              0       1.325951          0.005        2000100
     -2.8426464      9.0186598       0.938021           1.65              0      1.3277795          0.005        2100100
     -2.8396121      8.9358877     0.87249064           1.65              0      1.3297225          0.005        2200100
     -2.8400432      8.9670959     0.90125037           1.65              0      1.3241881          0.005        2300100
     -2.8420349      9.0091642     0.93200206           1.65              0       1.316875          0.005        2400100
     -2.8445016       9.051038     0.95984868           1.65              0       1.327978          0.005        2500100
     -2.8422538      8.9905067     0.91210004           1.65              0      1.3238857          0.005        2600100
     -2.8437625      9.1486675      1.0616824           1.65              0      1.3192033          0.005        2700100
     -2.8428034      8.9975303     0.91599892           1.65              0      1.3211322          0.005        2800100
     -2.8504162      9.0600259     0.93515311           1.65              0      1.3279113          0.005        2900100
     -2.8450236      8.9775914     0.88343221           1.65              0      1.3293816          0.005        3000100
     -2.8495536       9.050012     0.93005622           1.65              0      1.3339898          0.005        3100100
     -2.8447323      9.0391375     0.94663587           1.65              0      1.3224505          0.005        3200100
     -2.8470338      9.0062576     0.90065611           1.65              0      1.3272274          0.005        3300100
     -2.8475204      9.0350639      0.9266914           1.65              0      1.3300385          0.005        3400100
     -2.8447667      9.0266412     0.93394365           1.65              0      1.3189553          0.005        3500100
     -2.8483174      9.0352431     0.92233124           1.65              0      1.3313826          0.005        3600100
     -2.8479682      9.0546642     0.94374112           1.65              0      1.3229922          0.005        3700100
     -2.8439091      9.0088437     0.92102453           1.65              0      1.3152253          0.005        3800100
      -2.846503      9.0038855     0.90130648           1.65              0      1.3259751          0.005        3900100
      -2.848024      9.0542245     0.94298401           1.65              0       1.333292          0.005        4000100
      -2.849336      9.0708011     0.95208531           1.65              0      1.3356343          0.005        4100100
     -2.8433101      9.0096572     0.92524499           1.65              0      1.3263296          0.005        4200100
     -2.8470971      9.0362329     0.93027082           1.65              0      1.3354545          0.005        4300100
     -2.8453218      9.0530599     0.95720389           1.65              0      1.3307643          0.005        4400100
     -2.8431413       9.026669     0.94321655           1.65              0      1.3185228          0.005        4500100
     -2.8507218      9.1043063     0.97769167           1.65              0      1.3256585          0.005        4600100
     -2.8437947       9.006046     0.91887786           1.65              0      1.3231867          0.005        4700100
     -2.8417932      9.0621781      0.9863897           1.65              0      1.3194322          0.005        4800100
     -2.8463161      9.0602848     0.95876929           1.65              0      1.3214707          0.005        4900100
      -2.845727      9.0635535     0.96539142           1.65              0      1.3303179          0.005        5000100
     -2.8471394      9.0204865     0.91428396           1.65              0      1.3212884          0.005        5100100
     -2.8481235       9.090418     0.97861081           1.65              0      1.3272895          0.005        5200100
       -2.84817      9.0467131     0.93464104           1.65              0      1.3212145          0.005        5300100
     -2.8428335      9.1068644      1.0251619           1.65              0      1.3191743          0.005        5400100
     -2.8484236      9.0481692     0.93465229           1.65              0      1.3252713          0.005        5500100
     -2.8453209      9.0119622     0.91611134           1.65              0      1.3265511          0.005        5600100
     -2.8458659      9.0244566     0.92550414           1.65              0      1.3247656          0.005        5700100
     -2.8460033      9.0307977     0.93106278           1.65              0      1.3224413          0.005        5800100
      -2.846604      9.0327877     0.92963346           1.65              0      1.3303381          0.005        5900100
     -2.8426777      9.0322016      0.9513851           1.65              0      1.3177408          0.005        6000100
     -2.8467917       9.028627     0.92440381           1.65              0      1.3314792          0.005        6100100
     -2.8458436      9.0298304     0.93100444           1.65              0      1.3230321          0.005        6200100
     -2.8488943      9.1641401      1.0479414           1.65              0      1.3225612          0.005        6300100
     -2.8431316      9.0164121      0.9330149           1.65              0      1.3221001          0.005        6400100
     -2.8466569      9.0430968     0.93964123           1.65              0      1.3250504          0.005        6500100
      -2.846352      9.0295407     0.92782082           1.65              0      1.3263112          0.005        6600100
     -2.8464489       9.050345     0.94807372           1.65              0      1.3264753          0.005        6700100
     -2.8475912      9.0238927     0.91511731           1.65              0      1.3268286          0.005        6800100
     -2.8471293      9.0336746     0.92752921           1.65              0      1.3303683          0.005        6900100
     -2.8442458      9.0495627     0.95982851           1.65              0      1.3168875          0.005        7000100
     -2.8485157      9.2663063      1.1522644           1.65              0      1.3275007          0.005        7100100
     -2.8485297      9.0375843     0.92346284           1.65              0      1.3344593          0.005        7200100
     -2.8466108      9.0090087     0.90581557           1.65              0      1.3300635          0.005        7300100
     -2.8474723      9.0632297     0.95513106           1.65              0      1.3262254          0.005        7400100
      -2.842383      9.0256854     0.94654439           1.65              0      1.3179588          0.005        7500100
     -2.8483467       9.023439     0.91035983           1.65              0      1.3309563          0.005        7600100
      -2.847091      9.0430311     0.93710405           1.65              0      1.3259334          0.005        7700100
     -2.8424907      9.0033158     0.92356261           1.65              0      1.3199099          0.005        7800100
     -2.8509387      9.0445034     0.91665217           1.65              0      1.3237723          0.005        7900100
      -2.849118      9.0450995     0.92762605           1.65              0      1.3296481          0.005        8000100
     -2.8446891      9.0270818     0.93482569           1.65              0      1.3231931          0.005        8100100
     -2.8434948      9.0255031     0.94004037           1.65              0      1.3210385          0.005        8200100
     -2.8451332      9.0345924     0.93980936           1.65              0      1.3194958          0.005        8300100
     -2.8480805      9.1578726      1.0463099           1.65              0      1.3209994          0.005        8400100
     -2.8496584      9.0379445     0.91739149           1.65              0      1.3319148          0.005        8500100
      -2.847339      9.0735716     0.96623206           1.65              0      1.3212745          0.005        8600100
     -2.8464369      9.0231175     0.92091434           1.65              0      1.3266543          0.005        8700100
     -2.8498665      9.0528211     0.93108223           1.65              0      1.3233116          0.005        8800100
      -2.842886      9.0177194     0.93571855           1.65              0      1.3173752          0.005        8900100
     -2.8448659      9.1554862       1.062224           1.65              0      1.3224454          0.005        9000100
     -2.8481942      9.1608821      1.0486717           1.65              0      1.3297466          0.005        9100100
     -2.8464473      9.0250468     0.92278464           1.65              0      1.3279132          0.005        9200100
       -2.84422      9.0207445     0.93115691           1.65              0      1.3251112          0.005        9300100
     -2.8468715      9.0440706     0.93939305           1.65              0      1.3208348          0.005        9400100
     -2.8456676      9.0565119     0.95868811           1.65              0      1.3265991          0.005        9500100
      -2.846869      9.0163207     0.91165752           1.65              0      1.3307238          0.005        9600100
