     -2.6737473      8.0583106   0.0084276118            1.4            0.3      1.9510678          0.005          12500
     -2.7280498      8.5256884   0.0092440047            1.4     0.33333333      1.8374401          0.005          12500
     -2.6823212      8.0577778   0.0082303329            1.4     0.36666667       1.826902          0.005          12500
     -2.6835132      8.0606377   0.0082440755            1.4            0.4      1.7783325          0.005          12500
      -2.868031      8.5596113   0.0050834134      1.7333333            0.3       1.385275          0.005          12500
     -2.8739889      8.5569531   0.0048122711      1.7333333     0.33333333      1.4625151          0.005          12500
     -2.8762759      8.5398406     0.00457284      1.7333333     0.36666667      1.4722881          0.005          12500
     -2.8830128       8.585259   0.0046423951      1.7333333            0.4      1.4584154          0.005          12500
     -2.8551064      8.3046735   0.0034579152      2.0666667            0.3       1.217956          0.005          12500
     -2.8130727      8.0770835   0.0036001321      2.0666667     0.33333333      1.1818897          0.005          12500
     -2.8449283      8.2606921   0.0036376008      2.0666667     0.36666667      1.2014477          0.005          12500
     -2.8431321      8.2557373   0.0036804211      2.0666667            0.4      1.1963414          0.005          12500
     -2.6258788      8.5994482    0.011649257            2.4            0.3      1.0335661          0.005          12500
     -2.5815546      8.7479149    0.012804606            2.4     0.33333333      1.0261409          0.005          12500
     -2.6147649      8.8016199    0.012464945            2.4     0.36666667      1.0292379          0.005          12500
     -2.6303533       8.755579     0.01206805            2.4            0.4      1.0527717          0.005          12500
