     -1.1099193      1.3034506  0.00084575284            1.4            0.3      2.0612741          0.005         100000
     -1.1202874      1.3328832  0.00088226635            1.4     0.33333333      1.9939981          0.005         100000
       -1.10952      1.3098023  0.00088751127            1.4     0.36666667      1.9895963          0.005         100000
     -1.1105528      1.3052119  0.00084784685            1.4            0.4      1.9510018          0.005         100000
     -1.0326886      1.8740862   0.0028419016      1.7333333            0.3      1.6250694          0.005         100000
     -1.0203108      1.8555532   0.0028539779      1.7333333     0.33333333      1.6263716          0.005         100000
     -1.0155538      2.0576058   0.0032035233      1.7333333     0.36666667      1.6186764          0.005         100000
      -1.016575      2.0369349   0.0031678229      1.7333333            0.4      1.5837667          0.005         100000
    -0.75984976      4.2288954    0.006042784      2.0666667            0.3      1.4226852          0.005         100000
    -0.72592067      4.5395691   0.0063345152      2.0666667     0.33333333      1.3912422          0.005         100000
    -0.80467961      4.2468276   0.0059994319      2.0666667     0.36666667      1.3936248          0.005         100000
     -0.7605947        4.25401   0.0060625949      2.0666667            0.4      1.3708169          0.005         100000
    -0.34437674      12.986566    0.011343708            2.4            0.3      1.3062268          0.005         100000
    -0.36592405      11.656273    0.010734231            2.4     0.33333333      1.2818194          0.005         100000
    -0.29716362      13.535324    0.011596128            2.4     0.36666667      1.2585346          0.005         100000
    -0.28976206      11.379349    0.010627976            2.4            0.4      1.2387183          0.005         100000
     -1.0211855       1.196132   0.0012381928           1.15     0.30833333      2.5319282          0.005         100000
     -1.0385059      1.2341263   0.0012475249           1.15          0.325      2.2959337          0.005         100000
     -1.0438008      1.2482398   0.0012598403           1.15     0.34166667      2.3394179          0.005         100000
     -1.0695924      1.2913431   0.0012137347           1.15     0.35833333      2.1378356          0.005         100000
     -1.1014179      1.2889577  0.00087084054      1.3166667     0.30833333      2.1585434          0.005         100000
     -1.0951373      1.2682258  0.00083006071      1.3166667          0.325       2.095183          0.005         100000
     -1.0977315      1.2759592  0.00084228753      1.3166667     0.34166667      2.0931301          0.005         100000
     -1.1006744      1.2751826  0.00079811297      1.3166667     0.35833333      2.0894199          0.005         100000
     -1.1170625       1.383868   0.0011663594      1.4833333     0.30833333      1.8478397          0.005         100000
     -1.1214842       1.384534   0.0011260873      1.4833333          0.325      1.8330604          0.005         100000
     -1.1199679      1.3969843   0.0011943874      1.4833333     0.34166667      1.8610564          0.005         100000
     -1.1054077       1.366707   0.0012032491      1.4833333     0.35833333       1.683539          0.005         100000
