     -127.53299      16420.023     0.34836686            9.5           0.05      1.2605014          0.005           1250
     -127.58731      16410.528     0.32107494            9.5          0.058      1.2587186          0.005           1250
     -127.18792       16289.59     0.29994653            9.5          0.066      1.8960766          0.005           1250
     -127.42421      16424.105     0.36544308            9.5          0.074      1.3069998          0.005           1250
     -127.93314      16490.732     0.31360454            9.5          0.082      1.4068796          0.005           1250
     -127.57726      16420.937     0.33660261            9.5           0.09       1.200349          0.005           1250
      -127.1672      16279.408     0.29303103            9.5          0.098      1.3483821          0.005           1250
     -127.87822      16502.349     0.34175956            9.5          0.106      1.3433781          0.005           1250
     -128.07424       16515.84     0.29776153            9.5          0.114      1.2100947          0.005           1250
     -127.61983      16390.925     0.28608804            9.5          0.122      1.2054946          0.005           1250
     -127.67337      16421.869      0.3066439            9.6           0.05       1.323364          0.005           1250
     -128.01067      16497.589     0.29512843            9.6          0.058      1.6577543          0.005           1250
     -127.53257      16384.279     0.30754289            9.6          0.066      1.4927168          0.005           1250
     -128.72482      16668.818     0.27946384            9.6          0.074      1.2593916          0.005           1250
     -127.77908      16426.219     0.27992804            9.6          0.082      1.2558934          0.005           1250
     -127.60153      16396.874     0.30061634            9.6           0.09      1.3747485          0.005           1250
     -128.17287      16551.477     0.31216225            9.6          0.098      1.2773726          0.005           1250
     -127.63744       16368.98     0.24768297            9.6          0.106      1.2361812          0.005           1250
     -127.82746      16416.275     0.24667601            9.6          0.114       1.189196          0.005           1250
     -128.18679      16511.124     0.24829561            9.6          0.122      1.1911053          0.005           1250
     -127.23918      16289.096     0.27991068            9.7           0.05      1.2410577          0.005           1250
     -127.45192      16340.851     0.27697378            9.7          0.058     0.92632197          0.005           1250
      -128.6986      16658.211     0.27466801            9.7          0.066      1.1604698          0.005           1250
     -128.32724      16561.517     0.27297867            9.7          0.074      1.2001226          0.005           1250
     -129.08361      16813.494     0.33891838            9.7          0.082      1.0280699          0.005           1250
     -127.37231      16309.248     0.26030794            9.7           0.09      1.3036251          0.005           1250
      -127.7636      16411.336     0.26345183            9.7          0.098      1.2260518          0.005           1250
     -127.79862      16428.341     0.27457853            9.7          0.106      1.3225642          0.005           1250
     -128.62658      16654.464     0.29148176            9.7          0.114      1.1999818          0.005           1250
      -128.0445      16486.665     0.26642496            9.7          0.122      1.2266209          0.005           1250
     -128.00938      16461.372     0.24431784            9.8           0.05      1.5518188          0.005           1250
     -127.80384      16416.023     0.25474679            9.8          0.058      1.3185328          0.005           1250
     -127.93984       18069.25     0.76445965            9.8          0.066      1.0928877          0.005           1250
     -127.37926      16306.982     0.25394334            9.8          0.074      1.3287266          0.005           1250
     -127.91521      16439.097     0.24666486            9.8          0.082        1.22818          0.005           1250
     -127.93754      16462.534     0.27318845            9.8           0.09      1.0383832          0.005           1250
     -129.26513      16890.861     0.34560777            9.8          0.098      1.2468442          0.005           1250
     -128.76344      16699.972     0.30438664            9.8          0.106      1.3200317          0.005           1250
     -128.46871      16569.546     0.22718992            9.8          0.114      1.1552405          0.005           1250
      -128.0843      16477.657     0.23790984            9.8          0.122       1.186598          0.005           1250
     -128.09477      16472.075     0.22543332            9.9           0.05      1.2316556          0.005           1250
     -128.19507      16505.353     0.23692544            9.9          0.058        1.23232          0.005           1250
     -127.59307      16346.785     0.23085238            9.9          0.066      1.3861636          0.005           1250
      -128.8723      16684.108     0.24311627            9.9          0.074     0.99417415          0.005           1250
     -128.33776       16542.09     0.23814383            9.9          0.082      1.2263282          0.005           1250
     -127.84015      16412.485     0.23458455            9.9           0.09       1.180637          0.005           1250
     -128.20323       16496.66     0.21817802            9.9          0.098      1.2206907          0.005           1250
     -128.15242      16479.294     0.21132896            9.9          0.106      0.9936341          0.005           1250
     -128.33467      16526.124     0.21080676            9.9          0.114       1.139035          0.005           1250
     -127.88083      16411.234     0.21237273            9.9          0.122      1.1074234          0.005           1250
     -128.45251      16562.029     0.22099022             10           0.05      1.4556771          0.005           1250
     -127.75887      16528.931     0.34212346             10          0.058      1.4483669          0.005           1250
     -127.53218      16332.727     0.23186681             10          0.066      1.2416487          0.005           1250
     -128.35437      16532.289     0.21292018             10          0.074      1.0564184          0.005           1250
     -127.76893      16379.973     0.20916004             10          0.082      1.1611048          0.005           1250
     -128.50417      16566.208     0.20492127             10           0.09      1.3101006          0.005           1250
     -127.92637      16409.789     0.18785106             10          0.098      1.2941882          0.005           1250
     -128.71309      16699.268      0.2868619             10          0.106      1.3063232          0.005           1250
      -127.5634      16323.486     0.20155381             10          0.114      1.3419646          0.005           1250
     -128.10568      16459.715     0.19631732             10          0.122      1.0920886          0.005           1250
     -127.84146      16393.277     0.19851107           10.1           0.05      1.3488773          0.005           1250
     -128.41709      16544.331      0.2040543           10.1          0.058      1.1697733          0.005           1250
      -128.4713      16554.903     0.20002901           10.1          0.066       1.327117          0.005           1250
     -127.85138      16397.779      0.2027034           10.1          0.074      1.2517552          0.005           1250
     -128.13146      16465.594     0.19404435           10.1          0.082      1.1103361          0.005           1250
     -127.61053      16335.131     0.19730042           10.1           0.09     0.90237993          0.005           1250
     -128.71367      16618.585      0.2008633           10.1          0.098       1.132253          0.005           1250
     -128.28469      16505.201     0.19549872           10.1          0.106      1.2134376          0.005           1250
     -127.49532      16298.205     0.18450997           10.1          0.114      1.1495757          0.005           1250
