     -112.22561      14574.703      1.1753326          10.22              0      3.3873886          0.005           1250
     -120.38835      15664.318     0.95380319          10.22             10      1.0935232          0.005           1250
     -120.83045      16683.965       1.083097          10.22              5      1.2109449          0.005           1250
     -122.01024      17825.918      1.2296713          10.22            7.5      1.1419455          0.005           1250
     -121.43524      15870.147     0.88918741          10.22           6.25       1.437076          0.005           1250
     -122.33865      17363.522      1.2305614          10.22          5.625      1.3622777          0.005           1250
     -121.50081      15788.841     0.87634529          10.22         5.3125      1.0986313          0.005           1250
      -120.3537      15701.013     0.92529977          10.22        5.15625      1.3286826          0.005           1250
     -123.52732      17355.343      1.1884936          10.22       5.078125      1.4762664          0.005           1250
     -120.82475      16978.208      1.2728439          10.22      5.0390625      1.3699935          0.005           1250
     -119.94024      15296.096     0.82698106          10.22      5.0585938      1.4558984          0.005           1250
